split,epsilon,source_relpath,source_row_index,baseline_margin,adv_margin,queries_used,l0,l2,linf
train_bluetooth_catboost_bluetooth_recovery_e,0.1,Bluetooth/attacks/csv/train/Bluetooth_Benign_train.pcap.csv,7471,-0.0007652640342712402,0.0005618929862976074,13,3,530592.423417456,530435.25
train_bluetooth_catboost_bluetooth_recovery_e,0.1,Bluetooth/attacks/csv/train/Bluetooth_DoS_train.pcap.csv,317,0.0007193684577941895,-0.008556962013244629,16,2,2.088034196080754,1.9140739440917969
train_bluetooth_catboost_bluetooth_recovery_e,0.1,Bluetooth/attacks/csv/train/Bluetooth_DoS_train.pcap.csv,352,0.0007193684577941895,-0.2448737621307373,16,3,12926.750106908166,12918.171875
train_bluetooth_catboost_bluetooth_recovery_e,0.1,Bluetooth/attacks/csv/train/Bluetooth_DoS_train.pcap.csv,354,0.0007193684577941895,-0.008556962013244629,13,2,2.5874325378944554,2.5873870849609375
train_bluetooth_catboost_bluetooth_recovery_e,0.1,Bluetooth/attacks/csv/train/Bluetooth_DoS_train.pcap.csv,380,0.0007193684577941895,-0.008556962013244629,13,4,15.607627155333457,10.906791687011719
train_bluetooth_catboost_bluetooth_recovery_e,0.1,Bluetooth/attacks/csv/train/Bluetooth_DoS_train.pcap.csv,383,0.0007193684577941895,-0.008556962013244629,13,3,2.2808604380938484,2.201496124267578
train_bluetooth_catboost_bluetooth_recovery_e,0.1,Bluetooth/attacks/csv/train/Bluetooth_DoS_train.pcap.csv,421,0.0007193684577941895,-0.0004321932792663574,13,2,1.4471220696668508,1.4395580291748047
train_bluetooth_catboost_bluetooth_recovery_e,0.1,Bluetooth/attacks/csv/train/Bluetooth_DoS_train.pcap.csv,446,0.0007193684577941895,-0.008556962013244629,13,1,2.81878662109375,2.81878662109375
train_bluetooth_catboost_bluetooth_recovery_e,0.1,Bluetooth/attacks/csv/train/Bluetooth_DoS_train.pcap.csv,447,0.0007193684577941895,-0.008556962013244629,13,2,3.2423080283833285,2.374135971069336
train_bluetooth_catboost_bluetooth_recovery_e,0.1,Bluetooth/attacks/csv/train/Bluetooth_DoS_train.pcap.csv,448,0.0007193684577941895,-0.008556962013244629,13,1,1.1759471893310547,1.1759471893310547
train_bluetooth_catboost_bluetooth_recovery_e,0.1,Bluetooth/attacks/csv/train/Bluetooth_DoS_train.pcap.csv,456,0.0007193684577941895,-0.008556962013244629,13,1,1.2647876739501953,1.2647876739501953
train_bluetooth_catboost_bluetooth_recovery_e,0.1,Bluetooth/attacks/csv/train/Bluetooth_DoS_train.pcap.csv,499,0.0007193684577941895,-0.008556962013244629,13,4,25.076663451161156,17.628341674804688
train_bluetooth_catboost_bluetooth_recovery_e,0.1,Bluetooth/attacks/csv/train/Bluetooth_DoS_train.pcap.csv,514,0.0007193684577941895,-0.008556962013244629,13,4,3870.3439865397913,3870.34375
train_bluetooth_catboost_bluetooth_recovery_e,0.1,Bluetooth/attacks/csv/train/Bluetooth_DoS_train.pcap.csv,522,0.0007193684577941895,-0.0004321932792663574,13,3,18044.311076629656,18031.296875
train_bluetooth_catboost_bluetooth_recovery_e,0.1,Bluetooth/attacks/csv/train/Bluetooth_DoS_train.pcap.csv,523,0.0007193684577941895,-0.008556962013244629,13,1,2.7146549224853516,2.7146549224853516
train_bluetooth_catboost_bluetooth_recovery_e,0.1,Bluetooth/attacks/csv/train/Bluetooth_DoS_train.pcap.csv,541,0.0007193684577941895,-0.008556962013244629,13,1,1.7034950256347656,1.7034950256347656
train_bluetooth_catboost_bluetooth_recovery_e,0.1,Bluetooth/attacks/csv/train/Bluetooth_DoS_train.pcap.csv,543,0.0007193684577941895,-0.008556962013244629,13,2,2.5854016005034497,2.582317352294922
train_bluetooth_catboost_bluetooth_recovery_e,0.1,Bluetooth/attacks/csv/train/Bluetooth_DoS_train.pcap.csv,546,0.0007193684577941895,-0.008556962013244629,13,1,1.1232795715332031,1.1232795715332031
train_bluetooth_catboost_bluetooth_recovery_e,0.1,Bluetooth/attacks/csv/train/Bluetooth_DoS_train.pcap.csv,548,0.0007193684577941895,-0.0004321932792663574,13,1,1.0342578887939453,1.0342578887939453
train_bluetooth_catboost_bluetooth_recovery_e,0.1,Bluetooth/attacks/csv/train/Bluetooth_DoS_train.pcap.csv,551,0.0007193684577941895,-0.008556962013244629,13,3,11315.831510077545,11307.59375
train_bluetooth_catboost_bluetooth_recovery_e,0.1,Bluetooth/attacks/csv/train/Bluetooth_DoS_train.pcap.csv,572,0.0007193684577941895,-0.008556962013244629,13,2,1.6832736581084073,1.6742191314697266
train_bluetooth_catboost_bluetooth_recovery_e,0.1,Bluetooth/attacks/csv/train/Bluetooth_DoS_train.pcap.csv,574,0.0007193684577941895,-0.008556962013244629,13,3,1.651676514122072,1.6485023498535156
train_bluetooth_catboost_bluetooth_recovery_e,0.1,Bluetooth/attacks/csv/train/Bluetooth_DoS_train.pcap.csv,578,0.0007193684577941895,-0.008556962013244629,13,3,36.09576583603713,25.45800018310547
train_bluetooth_catboost_bluetooth_recovery_e,0.1,Bluetooth/attacks/csv/train/Bluetooth_DoS_train.pcap.csv,605,0.0007193684577941895,-0.008556962013244629,13,2,1.016818666678289,1.0163383483886719
train_bluetooth_catboost_bluetooth_recovery_e,0.1,Bluetooth/attacks/csv/train/Bluetooth_DoS_train.pcap.csv,619,0.0007193684577941895,-0.008556962013244629,13,2,2.291503359578467,2.145620346069336
train_bluetooth_catboost_bluetooth_recovery_e,0.1,Bluetooth/attacks/csv/train/Bluetooth_DoS_train.pcap.csv,635,0.0007193684577941895,-0.008556962013244629,13,1,2.8440628051757812,2.8440628051757812
train_bluetooth_catboost_bluetooth_recovery_e,0.1,Bluetooth/attacks/csv/train/Bluetooth_DoS_train.pcap.csv,643,0.0007193684577941895,-0.008556962013244629,13,2,1.7330160729777306,1.2691764831542969
train_bluetooth_catboost_bluetooth_recovery_e,0.1,Bluetooth/attacks/csv/train/Bluetooth_DoS_train.pcap.csv,654,0.0007193684577941895,-0.008556962013244629,13,2,2.86717033820237,2.642190933227539
train_bluetooth_catboost_bluetooth_recovery_e,0.1,Bluetooth/attacks/csv/train/Bluetooth_DoS_train.pcap.csv,664,0.0007193684577941895,-0.008556962013244629,13,1,1.503448486328125,1.503448486328125
train_bluetooth_catboost_bluetooth_recovery_e,0.1,Bluetooth/attacks/csv/train/Bluetooth_DoS_train.pcap.csv,674,0.0007193684577941895,-0.008556962013244629,13,2,2.1569376632245087,2.155719757080078
train_bluetooth_catboost_bluetooth_recovery_e,0.1,Bluetooth/attacks/csv/train/Bluetooth_DoS_train.pcap.csv,686,0.0007193684577941895,-0.008556962013244629,13,3,2.5211664292763585,2.5175704956054688
train_bluetooth_catboost_bluetooth_recovery_e,0.1,Bluetooth/attacks/csv/train/Bluetooth_DoS_train.pcap.csv,694,0.0007193684577941895,-0.0004321932792663574,13,3,3.0416158707544003,2.733613967895508
train_bluetooth_catboost_bluetooth_recovery_e,0.1,Bluetooth/attacks/csv/train/Bluetooth_DoS_train.pcap.csv,702,0.0007193684577941895,-0.008556962013244629,13,4,18733.720149928522,18719.578125
train_bluetooth_catboost_bluetooth_recovery_e,0.1,Bluetooth/attacks/csv/train/Bluetooth_DoS_train.pcap.csv,729,0.0007193684577941895,-0.008556962013244629,13,4,9546.734986422263,9546.734375
train_bluetooth_catboost_bluetooth_recovery_e,0.1,Bluetooth/attacks/csv/train/Bluetooth_DoS_train.pcap.csv,736,0.0007193684577941895,-0.008556962013244629,13,3,39.65714888549645,27.970199584960938
train_bluetooth_catboost_bluetooth_recovery_e,0.1,Bluetooth/attacks/csv/train/Bluetooth_DoS_train.pcap.csv,744,0.0007193684577941895,-0.008556962013244629,13,1,2.526338577270508,2.526338577270508
train_bluetooth_catboost_bluetooth_recovery_e,0.1,Bluetooth/attacks/csv/train/Bluetooth_DoS_train.pcap.csv,748,0.0007193684577941895,-0.008556962013244629,13,2,1.1065327310899815,1.1047248840332031
train_bluetooth_catboost_bluetooth_recovery_e,0.1,Bluetooth/attacks/csv/train/Bluetooth_DoS_train.pcap.csv,783,0.0007193684577941895,-0.008556962013244629,13,2,1.391664582937043,1.3743648529052734
train_bluetooth_catboost_bluetooth_recovery_e,0.1,Bluetooth/attacks/csv/train/Bluetooth_DoS_train.pcap.csv,813,0.0007193684577941895,-0.008556962013244629,13,2,1.9569916083912808,1.4332809448242188
train_bluetooth_catboost_bluetooth_recovery_e,0.1,Bluetooth/attacks/csv/train/Bluetooth_DoS_train.pcap.csv,817,0.0007193684577941895,-0.008556962013244629,13,3,34.20450406723262,24.158828735351562
train_bluetooth_catboost_bluetooth_recovery_e,0.1,Bluetooth/attacks/csv/train/Bluetooth_DoS_train.pcap.csv,844,0.0007193684577941895,-0.008556962013244629,13,1,1.229654312133789,1.229654312133789
train_bluetooth_catboost_bluetooth_recovery_e,0.1,Bluetooth/attacks/csv/train/Bluetooth_DoS_train.pcap.csv,862,0.0007193684577941895,-0.008556962013244629,13,2,1.310268434261448,1.3033123016357422
train_bluetooth_catboost_bluetooth_recovery_e,0.1,Bluetooth/attacks/csv/train/Bluetooth_DoS_train.pcap.csv,885,0.0007193684577941895,-0.008556962013244629,13,3,3.059236195579466,2.8057632446289062
train_bluetooth_catboost_bluetooth_recovery_e,0.1,Bluetooth/attacks/csv/train/Bluetooth_DoS_train.pcap.csv,906,0.0007193684577941895,-0.008556962013244629,13,4,18512.311934691177,18497.90625
train_bluetooth_catboost_bluetooth_recovery_e,0.1,Bluetooth/attacks/csv/train/Bluetooth_DoS_train.pcap.csv,907,0.0007193684577941895,-0.008556962013244629,13,2,2.1493651329150314,2.149324417114258
train_bluetooth_catboost_bluetooth_recovery_e,0.1,Bluetooth/attacks/csv/train/Bluetooth_DoS_train.pcap.csv,913,0.0007193684577941895,-0.008556962013244629,13,1,1.7050113677978516,1.7050113677978516
train_bluetooth_catboost_bluetooth_recovery_e,0.1,Bluetooth/attacks/csv/train/Bluetooth_DoS_train.pcap.csv,942,0.0007193684577941895,-0.008556962013244629,16,2,2.577216537775324,2.3563156127929688
train_bluetooth_catboost_bluetooth_recovery_e,0.1,Bluetooth/attacks/csv/train/Bluetooth_DoS_train.pcap.csv,976,0.0007193684577941895,-0.008556962013244629,13,4,23.52189821036462,16.540176391601562
train_bluetooth_catboost_bluetooth_recovery_e,0.1,Bluetooth/attacks/csv/train/Bluetooth_DoS_train.pcap.csv,983,0.0007193684577941895,-0.0004321932792663574,13,3,11073.297145713108,11073.296875
train_bluetooth_catboost_bluetooth_recovery_e,0.1,Bluetooth/attacks/csv/train/Bluetooth_DoS_train.pcap.csv,993,0.0007193684577941895,-0.008556962013244629,13,2,3.0296566332805384,2.3988723754882812
train_bluetooth_catboost_bluetooth_recovery_e,0.1,Bluetooth/attacks/csv/train/Bluetooth_DoS_train.pcap.csv,1024,0.0007193684577941895,-0.008556962013244629,13,4,35.98072072098313,25.421051025390625
train_bluetooth_catboost_bluetooth_recovery_e,0.1,Bluetooth/attacks/csv/train/Bluetooth_DoS_train.pcap.csv,1031,0.0007193684577941895,-0.0004321932792663574,16,2,1.3025019816768917,1.2717742919921875
train_bluetooth_catboost_bluetooth_recovery_e,0.1,Bluetooth/attacks/csv/train/Bluetooth_DoS_train.pcap.csv,1035,0.0007193684577941895,-0.008556962013244629,13,3,9814.375131729419,9814.375
train_bluetooth_catboost_bluetooth_recovery_e,0.1,Bluetooth/attacks/csv/train/Bluetooth_DoS_train.pcap.csv,1062,0.0007193684577941895,-0.008556962013244629,13,2,1.8512809155612513,1.8480949401855469
train_bluetooth_catboost_bluetooth_recovery_e,0.1,Bluetooth/attacks/csv/train/Bluetooth_DoS_train.pcap.csv,1077,0.0007193684577941895,-0.008556962013244629,13,1,2.2543373107910156,2.2543373107910156
train_bluetooth_catboost_bluetooth_recovery_e,0.1,Bluetooth/attacks/csv/train/Bluetooth_DoS_train.pcap.csv,1078,0.0007193684577941895,-0.008556962013244629,13,2,2.843023391161849,2.8428516387939453
train_bluetooth_catboost_bluetooth_recovery_e,0.1,Bluetooth/attacks/csv/train/Bluetooth_DoS_train.pcap.csv,1090,0.0007193684577941895,-0.0004321932792663574,13,4,30609.904195420084,30585.65625
train_bluetooth_catboost_bluetooth_recovery_e,0.1,Bluetooth/attacks/csv/train/Bluetooth_DoS_train.pcap.csv,1097,0.0007193684577941895,-0.008556962013244629,13,2,1.5735541494534437,1.5422115325927734
train_bluetooth_catboost_bluetooth_recovery_e,0.1,Bluetooth/attacks/csv/train/Bluetooth_DoS_train.pcap.csv,1143,0.0007193684577941895,-0.008556962013244629,13,3,2.67685909829961,2.140340805053711
train_bluetooth_catboost_bluetooth_recovery_e,0.1,Bluetooth/attacks/csv/train/Bluetooth_DoS_train.pcap.csv,1160,0.0007193684577941895,-0.008556962013244629,13,2,2.685955436167404,2.410634994506836
train_bluetooth_catboost_bluetooth_recovery_e,0.1,Bluetooth/attacks/csv/train/Bluetooth_DoS_train.pcap.csv,1182,0.0007193684577941895,-0.008556962013244629,13,3,2.255831221126125,1.836334228515625
train_bluetooth_catboost_bluetooth_recovery_e,0.1,Bluetooth/attacks/csv/train/Bluetooth_DoS_train.pcap.csv,1184,0.0007193684577941895,-0.008556962013244629,13,3,1.8979834479087354,1.890207290649414
train_bluetooth_catboost_bluetooth_recovery_e,0.1,Bluetooth/attacks/csv/train/Bluetooth_DoS_train.pcap.csv,1198,0.0007193684577941895,-0.008556962013244629,13,3,2.674342580212756,2.6729164123535156
train_bluetooth_catboost_bluetooth_recovery_e,0.1,Bluetooth/attacks/csv/train/Bluetooth_DoS_train.pcap.csv,1200,0.0007193684577941895,-0.0004321932792663574,13,1,2.3271045684814453,2.3271045684814453
train_bluetooth_catboost_bluetooth_recovery_e,0.1,Bluetooth/attacks/csv/train/Bluetooth_DoS_train.pcap.csv,1208,0.0007193684577941895,-0.008556962013244629,13,1,1.910247802734375,1.910247802734375
train_bluetooth_catboost_bluetooth_recovery_e,0.1,Bluetooth/attacks/csv/train/Bluetooth_DoS_train.pcap.csv,1214,0.0007193684577941895,-0.008556962013244629,13,2,2.6494089319656395,1.912557601928711
train_bluetooth_catboost_bluetooth_recovery_e,0.1,Bluetooth/attacks/csv/train/Bluetooth_DoS_train.pcap.csv,1215,0.0007193684577941895,-0.008556962013244629,13,2,2.6817446499659723,2.607799530029297
train_bluetooth_catboost_bluetooth_recovery_e,0.1,Bluetooth/attacks/csv/train/Bluetooth_DoS_train.pcap.csv,1219,0.0007193684577941895,-0.008556962013244629,13,3,42.293395183599216,29.879287719726562
train_bluetooth_catboost_bluetooth_recovery_e,0.1,Bluetooth/attacks/csv/train/Bluetooth_DoS_train.pcap.csv,1224,0.0007193684577941895,-0.008556962013244629,13,4,33802.63132313523,33775.59375
train_bluetooth_catboost_bluetooth_recovery_e,0.1,Bluetooth/attacks/csv/train/Bluetooth_DoS_train.pcap.csv,1241,0.0007193684577941895,-0.008556962013244629,13,3,7.005156648128338,6.782684326171875
train_bluetooth_catboost_bluetooth_recovery_e,0.1,Bluetooth/attacks/csv/train/Bluetooth_DoS_train.pcap.csv,1276,0.0007193684577941895,-0.0004321932792663574,13,1,1.4884033203125,1.4884033203125
train_bluetooth_catboost_bluetooth_recovery_e,0.1,Bluetooth/attacks/csv/train/Bluetooth_DoS_train.pcap.csv,1278,0.0007193684577941895,-0.008556962013244629,16,3,11299.906469471667,11299.90625
train_bluetooth_catboost_bluetooth_recovery_e,0.1,Bluetooth/attacks/csv/train/Bluetooth_DoS_train.pcap.csv,1294,0.0007193684577941895,-0.008556962013244629,13,3,2.793254495616437,2.0839405059814453
train_bluetooth_catboost_bluetooth_recovery_e,0.1,Bluetooth/attacks/csv/train/Bluetooth_DoS_train.pcap.csv,1328,0.0007193684577941895,-0.0004321932792663574,13,2,1.812813893944501,1.8107833862304688
train_bluetooth_catboost_bluetooth_recovery_e,0.1,Bluetooth/attacks/csv/train/Bluetooth_DoS_train.pcap.csv,1408,0.0007193684577941895,-0.0004321932792663574,13,2,2.2034054394607643,2.2019309997558594
train_bluetooth_catboost_bluetooth_recovery_e,0.1,Bluetooth/attacks/csv/train/Bluetooth_DoS_train.pcap.csv,1447,0.0007193684577941895,-0.008556962013244629,13,3,12.410985765547911,12.185501098632812
train_bluetooth_catboost_bluetooth_recovery_e,0.1,Bluetooth/attacks/csv/train/Bluetooth_DoS_train.pcap.csv,1516,0.0007193684577941895,-0.008556962013244629,13,2,2.7174484071941927,2.44342041015625
train_bluetooth_catboost_bluetooth_recovery_e,0.1,Bluetooth/attacks/csv/train/Bluetooth_DoS_train.pcap.csv,1537,0.0007193684577941895,-0.008556962013244629,13,2,1.7891408731451797,1.312302589416504
train_bluetooth_catboost_bluetooth_recovery_e,0.1,Bluetooth/attacks/csv/train/Bluetooth_DoS_train.pcap.csv,1549,0.0007193684577941895,-0.008556962013244629,13,3,2.443448121717436,1.7645587921142578
train_bluetooth_catboost_bluetooth_recovery_e,0.1,Bluetooth/attacks/csv/train/Bluetooth_DoS_train.pcap.csv,1554,0.0007193684577941895,-0.0004321932792663574,13,4,74945.87049394762,74884.90625
train_bluetooth_catboost_bluetooth_recovery_e,0.1,Bluetooth/attacks/csv/train/Bluetooth_DoS_train.pcap.csv,1579,0.0007193684577941895,-0.0004321932792663574,13,3,2.4359899005856778,2.1589508056640625
train_bluetooth_catboost_bluetooth_recovery_e,0.1,Bluetooth/attacks/csv/train/Bluetooth_DoS_train.pcap.csv,1591,0.0007193684577941895,-0.008556962013244629,13,3,6.998940426546259,6.522979736328125
train_bluetooth_catboost_bluetooth_recovery_e,0.1,Bluetooth/attacks/csv/train/Bluetooth_DoS_train.pcap.csv,1619,0.0007193684577941895,-0.008556962013244629,13,1,1.9457206726074219,1.9457206726074219
train_bluetooth_catboost_bluetooth_recovery_e,0.1,Bluetooth/attacks/csv/train/Bluetooth_DoS_train.pcap.csv,1637,0.0007193684577941895,-0.008556962013244629,13,3,2.2454521695360614,1.8232192993164062
train_bluetooth_catboost_bluetooth_recovery_e,0.1,Bluetooth/attacks/csv/train/Bluetooth_DoS_train.pcap.csv,1650,0.0007193684577941895,-0.008556962013244629,13,1,2.203533172607422,2.203533172607422
train_bluetooth_catboost_bluetooth_recovery_e,0.1,Bluetooth/attacks/csv/train/Bluetooth_DoS_train.pcap.csv,1651,0.0007193684577941895,-0.008556962013244629,13,1,2.062572479248047,2.062572479248047
train_bluetooth_catboost_bluetooth_recovery_e,0.1,Bluetooth/attacks/csv/train/Bluetooth_DoS_train.pcap.csv,1658,0.0007193684577941895,-0.008556962013244629,13,1,1.6816558837890625,1.6816558837890625
train_bluetooth_catboost_bluetooth_recovery_e,0.1,Bluetooth/attacks/csv/train/Bluetooth_DoS_train.pcap.csv,1776,0.0005618929862976074,-0.010115563869476318,13,3,9.683247942033086,9.3773193359375
train_bluetooth_catboost_bluetooth_recovery_e,0.1,Bluetooth/attacks/csv/train/Bluetooth_DoS_train.pcap.csv,1781,0.0005618929862976074,-0.0007652640342712402,13,2,1.1632227293054374,1.1539325714111328
train_bluetooth_catboost_bluetooth_recovery_e,0.1,Bluetooth/attacks/csv/train/Bluetooth_DoS_train.pcap.csv,1790,0.0005618929862976074,-0.010115563869476318,13,3,8.915543263542938,8.484786987304688
train_bluetooth_catboost_bluetooth_recovery_e,0.1,Bluetooth/attacks/csv/train/Bluetooth_DoS_train.pcap.csv,1800,0.0005618929862976074,-0.010115563869476318,13,2,1.771663381118474,1.2993888854980469
train_bluetooth_catboost_bluetooth_recovery_e,0.1,Bluetooth/attacks/csv/train/Bluetooth_DoS_train.pcap.csv,1808,0.0005618929862976074,-0.010115563869476318,13,2,2.339222836420368,1.8416595458984375
train_bluetooth_catboost_bluetooth_recovery_e,0.1,Bluetooth/attacks/csv/train/Bluetooth_DoS_train.pcap.csv,1826,0.0005618929862976074,-0.0007652640342712402,16,3,2.9659260835976937,2.1640243530273438
train_bluetooth_catboost_bluetooth_recovery_e,0.1,Bluetooth/attacks/csv/train/Bluetooth_DoS_train.pcap.csv,1832,0.0005618929862976074,-0.010115563869476318,13,4,27.33169275762392,19.228759765625
train_bluetooth_catboost_bluetooth_recovery_e,0.1,Bluetooth/attacks/csv/train/Bluetooth_DoS_train.pcap.csv,1875,0.0005618929862976074,-0.0007652640342712402,13,3,22034.062665597656,22034.0625
train_bluetooth_catboost_bluetooth_recovery_e,0.1,Bluetooth/attacks/csv/train/Bluetooth_DoS_train.pcap.csv,1929,0.0005618929862976074,-0.010115563869476318,13,1,2.788299560546875,2.788299560546875
train_bluetooth_catboost_bluetooth_recovery_e,0.1,Bluetooth/attacks/csv/train/Bluetooth_DoS_train.pcap.csv,1954,0.0005618929862976074,-0.010115563869476318,13,2,3.08104426876261,2.7959556579589844
train_bluetooth_catboost_bluetooth_recovery_e,0.1,Bluetooth/attacks/csv/train/Bluetooth_DoS_train.pcap.csv,2016,0.0005618929862976074,-0.010115563869476318,13,2,10.790339788603228,10.64129638671875
train_bluetooth_catboost_bluetooth_recovery_e,0.1,Bluetooth/attacks/csv/train/Bluetooth_DoS_train.pcap.csv,2018,0.0005618929862976074,-0.010115563869476318,13,2,12.959345486885406,12.872329711914062
train_bluetooth_catboost_bluetooth_recovery_e,0.1,Bluetooth/attacks/csv/train/Bluetooth_DoS_train.pcap.csv,2027,0.0005618929862976074,-0.010115563869476318,16,3,89012.05092940839,88943.375
train_bluetooth_catboost_bluetooth_recovery_e,0.1,Bluetooth/attacks/csv/train/Bluetooth_DoS_train.pcap.csv,2040,0.0005618929862976074,-0.0007652640342712402,13,2,1.445899963385928,1.4458999633789062
train_bluetooth_catboost_bluetooth_recovery_e,0.1,Bluetooth/attacks/csv/train/Bluetooth_DoS_train.pcap.csv,2058,0.0005618929862976074,-0.010115563869476318,13,3,1.9781339307299062,1.5599346160888672
train_bluetooth_catboost_bluetooth_recovery_e,0.1,Bluetooth/attacks/csv/train/Bluetooth_DoS_train.pcap.csv,2103,0.0005618929862976074,-0.010115563869476318,13,2,2.7303062521015113,2.321420669555664
train_bluetooth_catboost_bluetooth_recovery_e,0.1,Bluetooth/attacks/csv/train/Bluetooth_DoS_train.pcap.csv,2132,0.0005618929862976074,-0.010115563869476318,16,2,1.6433036051031462,1.6421146392822266
train_bluetooth_catboost_bluetooth_recovery_e,0.1,Bluetooth/attacks/csv/train/Bluetooth_DoS_train.pcap.csv,2153,0.0005618929862976074,-0.010115563869476318,13,2,2.1123096692117334,2.112306594848633
train_bluetooth_catboost_bluetooth_recovery_e,0.1,Bluetooth/attacks/csv/train/Bluetooth_DoS_train.pcap.csv,2155,0.0005618929862976074,-0.010115563869476318,16,2,2.6626725752097395,2.662670135498047
train_bluetooth_catboost_bluetooth_recovery_e,0.1,Bluetooth/attacks/csv/train/Bluetooth_DoS_train.pcap.csv,2159,0.0005618929862976074,-0.010115563869476318,13,1,1.4200820922851562,1.4200820922851562
train_bluetooth_catboost_bluetooth_recovery_e,0.1,Bluetooth/attacks/csv/train/Bluetooth_DoS_train.pcap.csv,2176,0.0005618929862976074,-0.010115563869476318,13,2,1.7944135139529496,1.703969955444336
train_bluetooth_catboost_bluetooth_recovery_e,0.1,Bluetooth/attacks/csv/train/Bluetooth_DoS_train.pcap.csv,2190,0.0005618929862976074,-0.010115563869476318,13,1,1.0459613800048828,1.0459613800048828
train_bluetooth_catboost_bluetooth_recovery_e,0.1,Bluetooth/attacks/csv/train/Bluetooth_DoS_train.pcap.csv,2208,0.0005618929862976074,-0.010115563869476318,13,4,35939.500715816626,35939.5
train_bluetooth_catboost_bluetooth_recovery_e,0.1,Bluetooth/attacks/csv/train/Bluetooth_DoS_train.pcap.csv,2218,0.0005618929862976074,-0.010115563869476318,13,3,2.6828067065286665,2.023130416870117
train_bluetooth_catboost_bluetooth_recovery_e,0.1,Bluetooth/attacks/csv/train/Bluetooth_DoS_train.pcap.csv,2223,0.0005618929862976074,-0.010115563869476318,13,3,23542.312656290098,23542.3125
train_bluetooth_catboost_bluetooth_recovery_e,0.1,Bluetooth/attacks/csv/train/Bluetooth_DoS_train.pcap.csv,2224,0.0005618929862976074,-0.010115563869476318,13,4,17019.437580088288,17019.4375
train_bluetooth_catboost_bluetooth_recovery_e,0.1,Bluetooth/attacks/csv/train/Bluetooth_DoS_train.pcap.csv,2227,0.0005618929862976074,-0.0007652640342712402,13,3,1.9953365953236484,1.9208049774169922
train_bluetooth_catboost_bluetooth_recovery_e,0.1,Bluetooth/attacks/csv/train/Bluetooth_DoS_train.pcap.csv,2239,0.0005618929862976074,-0.010115563869476318,13,1,1.5059242248535156,1.5059242248535156
train_bluetooth_catboost_bluetooth_recovery_e,0.1,Bluetooth/attacks/csv/train/Bluetooth_DoS_train.pcap.csv,2260,0.0005618929862976074,-0.010115563869476318,13,3,17705.81265497939,17705.8125
train_bluetooth_catboost_bluetooth_recovery_e,0.1,Bluetooth/attacks/csv/train/Bluetooth_DoS_train.pcap.csv,2298,0.0005618929862976074,-0.010115563869476318,13,2,2.226184760447828,2.1366500854492188
train_bluetooth_catboost_bluetooth_recovery_e,0.1,Bluetooth/attacks/csv/train/Bluetooth_DoS_train.pcap.csv,2310,0.0005618929862976074,-0.0007652640342712402,13,1,1.5131664276123047,1.5131664276123047
train_bluetooth_catboost_bluetooth_recovery_e,0.1,Bluetooth/attacks/csv/train/Bluetooth_DoS_train.pcap.csv,2345,0.0005618929862976074,-0.0007652640342712402,13,3,2.786653292468324,2.734466552734375
train_bluetooth_catboost_bluetooth_recovery_e,0.1,Bluetooth/attacks/csv/train/Bluetooth_DoS_train.pcap.csv,2346,0.0005618929862976074,-0.010115563869476318,16,3,3.6043880003465616,3.0
train_bluetooth_catboost_bluetooth_recovery_e,0.1,Bluetooth/attacks/csv/train/Bluetooth_DoS_train.pcap.csv,2363,0.0005618929862976074,-0.010115563869476318,13,2,2.6214848985765373,2.436349868774414
train_bluetooth_catboost_bluetooth_recovery_e,0.1,Bluetooth/attacks/csv/train/Bluetooth_DoS_train.pcap.csv,2365,0.0005618929862976074,-0.010115563869476318,13,3,2.7669093678227235,2.7658443450927734
train_bluetooth_catboost_bluetooth_recovery_e,0.1,Bluetooth/attacks/csv/train/Bluetooth_DoS_train.pcap.csv,2396,0.0005618929862976074,-0.010115563869476318,13,4,12.718723425236629,12.665451049804688
train_bluetooth_catboost_bluetooth_recovery_e,0.1,Bluetooth/attacks/csv/train/Bluetooth_DoS_train.pcap.csv,2425,0.0005618929862976074,-0.010115563869476318,13,2,2.081842926045356,2.0780868530273438
train_bluetooth_catboost_bluetooth_recovery_e,0.1,Bluetooth/attacks/csv/train/Bluetooth_DoS_train.pcap.csv,2441,0.0005618929862976074,-0.010115563869476318,13,3,84938.6232665714,84871.8125
train_bluetooth_catboost_bluetooth_recovery_e,0.1,Bluetooth/attacks/csv/train/Bluetooth_DoS_train.pcap.csv,2454,0.0005618929862976074,-0.010115563869476318,13,3,5.875066914957067,5.7317962646484375
train_bluetooth_catboost_bluetooth_recovery_e,0.1,Bluetooth/attacks/csv/train/Bluetooth_DoS_train.pcap.csv,2512,0.0005618929862976074,-0.010115563869476318,13,3,2.8874483187986804,2.232217788696289
train_bluetooth_catboost_bluetooth_recovery_e,0.1,Bluetooth/attacks/csv/train/Bluetooth_DoS_train.pcap.csv,2551,0.0005618929862976074,-0.010115563869476318,13,2,1.8604258312925028,1.4916248321533203
train_bluetooth_catboost_bluetooth_recovery_e,0.1,Bluetooth/attacks/csv/train/Bluetooth_DoS_train.pcap.csv,2566,0.0005618929862976074,-0.010115563869476318,13,2,2.2173868510604033,1.7258796691894531
train_bluetooth_catboost_bluetooth_recovery_e,0.1,Bluetooth/attacks/csv/train/Bluetooth_DoS_train.pcap.csv,2590,0.0005618929862976074,-0.0007652640342712402,13,2,1.8894628228554118,1.405426025390625
train_bluetooth_catboost_bluetooth_recovery_e,0.1,Bluetooth/attacks/csv/train/Bluetooth_DoS_train.pcap.csv,2595,0.0005618929862976074,-0.010115563869476318,13,1,1.5069198608398438,1.5069198608398438
train_bluetooth_catboost_bluetooth_recovery_e,0.1,Bluetooth/attacks/csv/train/Bluetooth_DoS_train.pcap.csv,2600,0.0005618929862976074,-0.010115563869476318,13,1,1.3894977569580078,1.3894977569580078
train_bluetooth_catboost_bluetooth_recovery_e,0.1,Bluetooth/attacks/csv/train/Bluetooth_DoS_train.pcap.csv,2601,0.0005618929862976074,-0.010115563869476318,16,1,2.001903533935547,2.001903533935547
train_bluetooth_catboost_bluetooth_recovery_e,0.1,Bluetooth/attacks/csv/train/Bluetooth_DoS_train.pcap.csv,2635,0.0005618929862976074,-0.010115563869476318,13,5,46386.99703306465,46350.25
train_bluetooth_catboost_bluetooth_recovery_e,0.1,Bluetooth/attacks/csv/train/Bluetooth_DoS_train.pcap.csv,2638,0.0005618929862976074,-0.010115563869476318,13,1,2.104837417602539,2.104837417602539
train_bluetooth_catboost_bluetooth_recovery_e,0.1,Bluetooth/attacks/csv/train/Bluetooth_DoS_train.pcap.csv,2640,0.0005618929862976074,-0.010115563869476318,13,4,27623.56354729053,27623.5625
train_bluetooth_catboost_bluetooth_recovery_e,0.1,Bluetooth/attacks/csv/train/Bluetooth_DoS_train.pcap.csv,2646,0.0005618929862976074,-0.010115563869476318,13,2,1.3071930458772432,1.3012027740478516
train_bluetooth_catboost_bluetooth_recovery_e,0.1,Bluetooth/attacks/csv/train/Bluetooth_DoS_train.pcap.csv,2671,0.0005618929862976074,-0.010115563869476318,13,3,2.3974853431496332,2.296794891357422
train_bluetooth_catboost_bluetooth_recovery_e,0.1,Bluetooth/attacks/csv/train/Bluetooth_DoS_train.pcap.csv,2703,0.0005618929862976074,-0.010115563869476318,13,3,25288.06256141044,25288.0625
train_bluetooth_catboost_bluetooth_recovery_e,0.1,Bluetooth/attacks/csv/train/Bluetooth_DoS_train.pcap.csv,2708,0.0005618929862976074,-0.010115563869476318,13,3,32528.437542684045,32528.4375
train_bluetooth_catboost_bluetooth_recovery_e,0.1,Bluetooth/attacks/csv/train/Bluetooth_DoS_train.pcap.csv,2713,0.0005618929862976074,-0.010115563869476318,13,1,2.7260284423828125,2.7260284423828125
train_bluetooth_catboost_bluetooth_recovery_e,0.1,Bluetooth/attacks/csv/train/Bluetooth_DoS_train.pcap.csv,2729,0.0005618929862976074,-0.010115563869476318,13,4,37.149080186377134,25.749221801757812
train_bluetooth_catboost_bluetooth_recovery_e,0.1,Bluetooth/attacks/csv/train/Bluetooth_DoS_train.pcap.csv,2737,0.0005618929862976074,-0.010115563869476318,13,3,123767.733935524,123669.375
train_bluetooth_catboost_bluetooth_recovery_e,0.1,Bluetooth/attacks/csv/train/Bluetooth_DoS_train.pcap.csv,2745,0.0005618929862976074,-0.010115563869476318,13,4,76942.16161330047,76881.0
train_bluetooth_catboost_bluetooth_recovery_e,0.1,Bluetooth/attacks/csv/train/Bluetooth_DoS_train.pcap.csv,2765,0.0005618929862976074,-0.010115563869476318,13,2,3.1614867696503404,2.517414093017578
train_bluetooth_catboost_bluetooth_recovery_e,0.1,Bluetooth/attacks/csv/train/Bluetooth_DoS_train.pcap.csv,2782,0.0005618929862976074,-0.010115563869476318,13,4,33.91677700418563,22.55902099609375
train_bluetooth_catboost_bluetooth_recovery_e,0.1,Bluetooth/attacks/csv/train/Bluetooth_DoS_train.pcap.csv,2800,0.0005618929862976074,-0.010115563869476318,13,1,2.26959228515625,2.26959228515625
train_bluetooth_catboost_bluetooth_recovery_e,0.1,Bluetooth/attacks/csv/train/Bluetooth_DoS_train.pcap.csv,2813,0.0005618929862976074,-0.010115563869476318,13,1,2.614145278930664,2.614145278930664
train_bluetooth_catboost_bluetooth_recovery_e,0.1,Bluetooth/attacks/csv/train/Bluetooth_DoS_train.pcap.csv,2828,0.0005618929862976074,-0.010115563869476318,13,4,16.279685104185262,11.416290283203125
train_bluetooth_catboost_bluetooth_recovery_e,0.1,Bluetooth/attacks/csv/train/Bluetooth_DoS_train.pcap.csv,2859,0.0005618929862976074,-0.010115563869476318,13,2,3.9935565991568276,3.0
train_bluetooth_catboost_bluetooth_recovery_e,0.1,Bluetooth/attacks/csv/train/Bluetooth_DoS_train.pcap.csv,2872,0.0005618929862976074,-0.010115563869476318,13,1,1.8717613220214844,1.8717613220214844
train_bluetooth_catboost_bluetooth_recovery_e,0.1,Bluetooth/attacks/csv/train/Bluetooth_DoS_train.pcap.csv,2876,0.0005618929862976074,-0.010115563869476318,13,3,2.167433766714079,1.9967899322509766
train_bluetooth_catboost_bluetooth_recovery_e,0.1,Bluetooth/attacks/csv/train/Bluetooth_DoS_train.pcap.csv,2899,0.0005618929862976074,-0.0007652640342712402,13,3,20132.2501323225,20132.25
train_bluetooth_catboost_bluetooth_recovery_e,0.1,Bluetooth/attacks/csv/train/Bluetooth_DoS_train.pcap.csv,2900,0.0005618929862976074,-0.010115563869476318,13,2,1.933867517143156,1.754903793334961
train_bluetooth_catboost_bluetooth_recovery_e,0.1,Bluetooth/attacks/csv/train/Bluetooth_DoS_train.pcap.csv,2955,0.0005618929862976074,-0.010115563869476318,13,4,27431.625147997747,27431.625
train_bluetooth_catboost_bluetooth_recovery_e,0.1,Bluetooth/attacks/csv/train/Bluetooth_DoS_train.pcap.csv,2961,0.0005618929862976074,-0.010115563869476318,13,2,1.464897950551229,1.4602737426757812
train_bluetooth_catboost_bluetooth_recovery_e,0.1,Bluetooth/attacks/csv/train/Bluetooth_DoS_train.pcap.csv,2965,0.0005618929862976074,-0.010115563869476318,13,1,2.701627731323242,2.701627731323242
train_bluetooth_catboost_bluetooth_recovery_e,0.1,Bluetooth/attacks/csv/train/Bluetooth_DoS_train.pcap.csv,2988,0.0005618929862976074,-0.010115563869476318,13,1,2.3426246643066406,2.3426246643066406
train_bluetooth_catboost_bluetooth_recovery_e,0.1,Bluetooth/attacks/csv/train/Bluetooth_DoS_train.pcap.csv,2989,0.0005618929862976074,-0.010115563869476318,13,3,141321.4944973049,141208.375
train_bluetooth_catboost_bluetooth_recovery_e,0.1,Bluetooth/attacks/csv/train/Bluetooth_DoS_train.pcap.csv,2996,0.0005618929862976074,-0.0007652640342712402,13,3,2.5055636009757123,1.663844108581543
train_bluetooth_catboost_bluetooth_recovery_e,0.1,Bluetooth/attacks/csv/train/Bluetooth_DoS_train.pcap.csv,3003,0.0005618929862976074,-0.010115563869476318,13,1,1.9454593658447266,1.9454593658447266
train_bluetooth_catboost_bluetooth_recovery_e,0.1,Bluetooth/attacks/csv/train/Bluetooth_DoS_train.pcap.csv,3007,0.0005618929862976074,-0.010115563869476318,13,3,1.7690981851490066,1.7625389099121094
train_bluetooth_catboost_bluetooth_recovery_e,0.1,Bluetooth/attacks/csv/train/Bluetooth_DoS_train.pcap.csv,3032,0.0005618929862976074,-0.010115563869476318,13,2,3.100510269992562,2.8641834259033203
train_bluetooth_catboost_bluetooth_recovery_e,0.1,Bluetooth/attacks/csv/train/Bluetooth_DoS_train.pcap.csv,3098,0.0005618929862976074,-0.010115563869476318,13,1,1.1927051544189453,1.1927051544189453
train_bluetooth_catboost_bluetooth_recovery_e,0.1,Bluetooth/attacks/csv/train/Bluetooth_DoS_train.pcap.csv,3100,0.0005618929862976074,-0.010115563869476318,13,3,104242.86200138608,104159.1875
train_bluetooth_catboost_bluetooth_recovery_e,0.1,Bluetooth/attacks/csv/train/Bluetooth_DoS_train.pcap.csv,3107,0.0005618929862976074,-0.010115563869476318,13,1,1.1081428527832031,1.1081428527832031
train_bluetooth_catboost_bluetooth_recovery_e,0.1,Bluetooth/attacks/csv/train/Bluetooth_DoS_train.pcap.csv,3174,0.0005618929862976074,-0.010115563869476318,13,4,27298.187583121256,27298.1875
train_bluetooth_catboost_bluetooth_recovery_e,0.1,Bluetooth/attacks/csv/train/Bluetooth_DoS_train.pcap.csv,3176,0.0005618929862976074,-0.010115563869476318,13,2,12.712579184773562,12.627334594726562
train_bluetooth_catboost_bluetooth_recovery_e,0.1,Bluetooth/attacks/csv/train/Bluetooth_DoS_train.pcap.csv,3214,0.0005618929862976074,-0.010115563869476318,13,1,1.3342113494873047,1.3342113494873047
train_bluetooth_catboost_bluetooth_recovery_e,0.1,Bluetooth/attacks/csv/train/Bluetooth_DoS_train.pcap.csv,3221,0.0005618929862976074,-0.010115563869476318,13,3,62045.31974488471,61995.375
train_bluetooth_catboost_bluetooth_recovery_e,0.1,Bluetooth/attacks/csv/train/Bluetooth_DoS_train.pcap.csv,3234,0.0005618929862976074,-0.010115563869476318,13,3,2.835342713121803,2.2002525329589844
train_bluetooth_catboost_bluetooth_recovery_e,0.1,Bluetooth/attacks/csv/train/Bluetooth_DoS_train.pcap.csv,3240,0.0005618929862976074,-0.0007652640342712402,13,4,113964.0268650561,113872.25
train_bluetooth_catboost_bluetooth_recovery_e,0.1,Bluetooth/attacks/csv/train/Bluetooth_DoS_train.pcap.csv,3247,0.0005618929862976074,-0.010115563869476318,13,3,2.975259685738783,2.615102767944336
train_bluetooth_catboost_bluetooth_recovery_e,0.1,Bluetooth/attacks/csv/train/Bluetooth_DoS_train.pcap.csv,3250,0.0005618929862976074,-0.010115563869476318,13,2,1.5019270866664791,1.2429218292236328
train_bluetooth_catboost_bluetooth_recovery_e,0.1,Bluetooth/attacks/csv/train/Bluetooth_DoS_train.pcap.csv,3292,0.0005618929862976074,-0.010115563869476318,13,3,8.180283698027024,7.552734375
train_bluetooth_catboost_bluetooth_recovery_e,0.1,Bluetooth/attacks/csv/train/Bluetooth_DoS_train.pcap.csv,3334,0.0005618929862976074,-0.0007652640342712402,13,4,87058.56676561237,86988.3125
train_bluetooth_catboost_bluetooth_recovery_e,0.1,Bluetooth/attacks/csv/train/Bluetooth_DoS_train.pcap.csv,3373,0.0005618929862976074,-0.010115563869476318,13,4,36.53026903389489,25.771728515625
train_bluetooth_catboost_bluetooth_recovery_e,0.1,Bluetooth/attacks/csv/train/Bluetooth_DoS_train.pcap.csv,3405,0.0005618929862976074,-0.0007652640342712402,13,4,20.60230125317978,14.430755615234375
train_bluetooth_catboost_bluetooth_recovery_e,0.1,Bluetooth/attacks/csv/train/Bluetooth_DoS_train.pcap.csv,3407,0.0005618929862976074,-0.010115563869476318,13,3,3.414493767191559,2.5079174041748047
train_bluetooth_catboost_bluetooth_recovery_e,0.1,Bluetooth/attacks/csv/train/Bluetooth_DoS_train.pcap.csv,3409,0.0005618929862976074,-0.0007652640342712402,13,1,1.812368392944336,1.812368392944336
train_bluetooth_catboost_bluetooth_recovery_e,0.1,Bluetooth/attacks/csv/train/Bluetooth_DoS_train.pcap.csv,3421,0.0005618929862976074,-0.010115563869476318,13,4,15.66729794997961,11.030410766601562
train_bluetooth_catboost_bluetooth_recovery_e,0.1,Bluetooth/attacks/csv/train/Bluetooth_DoS_train.pcap.csv,3434,0.0005618929862976074,-0.010115563869476318,13,3,3.359631588739196,2.4893360137939453
train_bluetooth_catboost_bluetooth_recovery_e,0.1,Bluetooth/attacks/csv/train/Bluetooth_DoS_train.pcap.csv,3448,0.0005618929862976074,-0.010115563869476318,13,2,1.6049256768905384,1.6021080017089844
train_bluetooth_catboost_bluetooth_recovery_e,0.1,Bluetooth/attacks/csv/train/Bluetooth_DoS_train.pcap.csv,3454,0.0005618929862976074,-0.010115563869476318,13,3,105175.45554836573,105090.375
train_bluetooth_catboost_bluetooth_recovery_e,0.1,Bluetooth/attacks/csv/train/Bluetooth_DoS_train.pcap.csv,3463,0.0005618929862976074,-0.010115563869476318,13,2,2.8799229664030452,2.7569351196289062
train_bluetooth_catboost_bluetooth_recovery_e,0.1,Bluetooth/attacks/csv/train/Bluetooth_DoS_train.pcap.csv,3477,0.0005618929862976074,-0.010115563869476318,13,4,27113.562649261803,27113.5625
train_bluetooth_catboost_bluetooth_recovery_e,0.1,Bluetooth/attacks/csv/train/Bluetooth_DoS_train.pcap.csv,3517,0.0005618929862976074,-0.010115563869476318,13,2,13.18048671920205,12.883087158203125
train_bluetooth_catboost_bluetooth_recovery_e,0.1,Bluetooth/attacks/csv/train/Bluetooth_DoS_train.pcap.csv,3536,0.0005618929862976074,-0.010115563869476318,13,2,6.315533685407656,5.8211669921875
train_bluetooth_catboost_bluetooth_recovery_e,0.1,Bluetooth/attacks/csv/train/Bluetooth_DoS_train.pcap.csv,3564,0.0005618929862976074,-0.010115563869476318,13,3,27060.500060470964,27060.5
train_bluetooth_catboost_bluetooth_recovery_e,0.1,Bluetooth/attacks/csv/train/Bluetooth_DoS_train.pcap.csv,3570,0.0005618929862976074,-0.010115563869476318,13,3,55770.81259363987,55770.8125
train_bluetooth_catboost_bluetooth_recovery_e,0.1,Bluetooth/attacks/csv/train/Bluetooth_DoS_train.pcap.csv,3583,0.0005618929862976074,-0.010115563869476318,13,3,9.75207253143987,9.416748046875
train_bluetooth_catboost_bluetooth_recovery_e,0.1,Bluetooth/attacks/csv/train/Bluetooth_DoS_train.pcap.csv,3601,0.0005618929862976074,-0.0007652640342712402,13,3,20.389556519354112,14.315597534179688
train_bluetooth_catboost_bluetooth_recovery_e,0.1,Bluetooth/attacks/csv/train/Bluetooth_DoS_train.pcap.csv,3608,0.0005618929862976074,-0.010115563869476318,16,1,2.777250289916992,2.777250289916992
train_bluetooth_catboost_bluetooth_recovery_e,0.1,Bluetooth/attacks/csv/train/Bluetooth_DoS_train.pcap.csv,3622,0.0005618929862976074,-0.010115563869476318,13,1,2.324504852294922,2.324504852294922
train_bluetooth_catboost_bluetooth_recovery_e,0.1,Bluetooth/attacks/csv/train/Bluetooth_DoS_train.pcap.csv,3624,0.0005618929862976074,-0.010115563869476318,13,3,1.4528197024639984,1.447427749633789
train_bluetooth_catboost_bluetooth_recovery_e,0.1,Bluetooth/attacks/csv/train/Bluetooth_DoS_train.pcap.csv,3634,0.0005618929862976074,-0.010115563869476318,13,3,27017.875159006417,27017.875
train_bluetooth_catboost_bluetooth_recovery_e,0.1,Bluetooth/attacks/csv/train/Bluetooth_DoS_train.pcap.csv,3635,0.0005618929862976074,-0.010115563869476318,13,1,1.3305549621582031,1.3305549621582031
train_bluetooth_catboost_bluetooth_recovery_e,0.1,Bluetooth/attacks/csv/train/Bluetooth_DoS_train.pcap.csv,3655,0.0005618929862976074,-0.0007652640342712402,13,2,1.9323611572339108,1.5869407653808594
train_bluetooth_catboost_bluetooth_recovery_e,0.1,Bluetooth/attacks/csv/train/Bluetooth_DoS_train.pcap.csv,3659,0.0005618929862976074,-0.010115563869476318,13,4,27002.62519470856,27002.625
train_bluetooth_catboost_bluetooth_recovery_e,0.1,Bluetooth/attacks/csv/train/Bluetooth_DoS_train.pcap.csv,3664,0.0005618929862976074,-0.010115563869476318,13,3,1.934476674603353,1.6542797088623047
train_bluetooth_catboost_bluetooth_recovery_e,0.1,Bluetooth/attacks/csv/train/Bluetooth_DoS_train.pcap.csv,3683,0.0005618929862976074,-0.010115563869476318,13,3,8.220029996981625,7.886688232421875
train_bluetooth_catboost_bluetooth_recovery_e,0.1,Bluetooth/attacks/csv/train/Bluetooth_DoS_train.pcap.csv,3695,0.0005618929862976074,-0.010115563869476318,13,3,176850.70007888068,176707.0
train_bluetooth_catboost_bluetooth_recovery_e,0.1,Bluetooth/attacks/csv/train/Bluetooth_DoS_train.pcap.csv,3708,0.0005618929862976074,-0.010115563869476318,13,2,2.8596209407560753,2.7901878356933594
train_bluetooth_catboost_bluetooth_recovery_e,0.1,Bluetooth/attacks/csv/train/Bluetooth_DoS_train.pcap.csv,3709,0.0005618929862976074,-0.0007652640342712402,13,2,2.2530306638448843,2.2481632232666016
train_bluetooth_catboost_bluetooth_recovery_e,0.1,Bluetooth/attacks/csv/train/Bluetooth_DoS_train.pcap.csv,3714,0.0005618929862976074,-0.0007652640342712402,13,4,42.582957985661515,30.076324462890625
train_bluetooth_catboost_bluetooth_recovery_e,0.1,Bluetooth/attacks/csv/train/Bluetooth_DoS_train.pcap.csv,3731,0.0005618929862976074,-0.010115563869476318,13,1,2.7858638763427734,2.7858638763427734
train_bluetooth_catboost_bluetooth_recovery_e,0.1,Bluetooth/attacks/csv/train/Bluetooth_DoS_train.pcap.csv,3740,0.0005618929862976074,-0.0007652640342712402,13,1,2.5923938751220703,2.5923938751220703
train_bluetooth_catboost_bluetooth_recovery_e,0.1,Bluetooth/attacks/csv/train/Bluetooth_DoS_train.pcap.csv,3743,0.0005618929862976074,-0.010115563869476318,13,3,15.867765478934983,11.174636840820312
train_bluetooth_catboost_bluetooth_recovery_e,0.1,Bluetooth/attacks/csv/train/Bluetooth_DoS_train.pcap.csv,3765,0.0005618929862976074,-0.0007652640342712402,13,3,2.9899156114049736,1.9735336303710938
train_bluetooth_catboost_bluetooth_recovery_e,0.1,Bluetooth/attacks/csv/train/Bluetooth_DoS_train.pcap.csv,3770,0.0005618929862976074,-0.010115563869476318,13,1,1.8614444732666016,1.8614444732666016
train_bluetooth_catboost_bluetooth_recovery_e,0.1,Bluetooth/attacks/csv/train/Bluetooth_DoS_train.pcap.csv,3790,0.0005618929862976074,-0.010115563869476318,13,4,100230.1981906044,100148.625
train_bluetooth_catboost_bluetooth_recovery_e,0.1,Bluetooth/attacks/csv/train/Bluetooth_DoS_train.pcap.csv,3805,0.0005618929862976074,-0.010115563869476318,13,2,1.3593429199592233,1.251119613647461
train_bluetooth_catboost_bluetooth_recovery_e,0.1,Bluetooth/attacks/csv/train/Bluetooth_DoS_train.pcap.csv,3823,0.0005618929862976074,-0.010115563869476318,13,4,23.956814066883627,16.816757202148438
train_bluetooth_catboost_bluetooth_recovery_e,0.1,Bluetooth/attacks/csv/train/Bluetooth_DoS_train.pcap.csv,3839,0.0005618929862976074,-0.010115563869476318,13,3,26892.93765693228,26892.9375
train_bluetooth_catboost_bluetooth_recovery_e,0.1,Bluetooth/attacks/csv/train/Bluetooth_DoS_train.pcap.csv,3842,0.0005618929862976074,-0.010115563869476318,13,2,1.839050896488923,1.8376884460449219
train_bluetooth_catboost_bluetooth_recovery_e,0.1,Bluetooth/attacks/csv/train/Bluetooth_DoS_train.pcap.csv,3857,0.0005618929862976074,-0.0007652640342712402,13,3,2.8638684022094667,2.315652847290039
train_bluetooth_catboost_bluetooth_recovery_e,0.1,Bluetooth/attacks/csv/train/Bluetooth_DoS_train.pcap.csv,3859,0.0005618929862976074,-0.010115563869476318,13,5,152696.47595214716,152572.0625
train_bluetooth_catboost_bluetooth_recovery_e,0.1,Bluetooth/attacks/csv/train/Bluetooth_DoS_train.pcap.csv,3876,0.0005618929862976074,-0.010115563869476318,13,3,6.229337033616979,5.9846649169921875
train_bluetooth_catboost_bluetooth_recovery_e,0.1,Bluetooth/attacks/csv/train/Bluetooth_DoS_train.pcap.csv,3878,0.0005618929862976074,-0.010115563869476318,13,3,2.1296028100906064,1.695638656616211
train_bluetooth_catboost_bluetooth_recovery_e,0.1,Bluetooth/attacks/csv/train/Bluetooth_DoS_train.pcap.csv,3901,0.0005618929862976074,-0.010115563869476318,13,2,3.169421715517668,2.6324901580810547
train_bluetooth_catboost_bluetooth_recovery_e,0.1,Bluetooth/attacks/csv/train/Bluetooth_DoS_train.pcap.csv,3902,0.0005618929862976074,-0.010115563869476318,13,1,2.2033538818359375,2.2033538818359375
train_bluetooth_catboost_bluetooth_recovery_e,0.1,Bluetooth/attacks/csv/train/Bluetooth_DoS_train.pcap.csv,3913,0.0005618929862976074,-0.010115563869476318,13,4,15.502185464930722,10.908462524414062
train_bluetooth_catboost_bluetooth_recovery_e,0.1,Bluetooth/attacks/csv/train/Bluetooth_DoS_train.pcap.csv,3942,0.0005618929862976074,-0.0007652640342712402,13,2,1.374336242703182,1.3743362426757812
train_bluetooth_catboost_bluetooth_recovery_e,0.1,Bluetooth/attacks/csv/train/Bluetooth_DoS_train.pcap.csv,3965,0.0005618929862976074,-0.010115563869476318,13,1,2.6062870025634766,2.6062870025634766
train_bluetooth_catboost_bluetooth_recovery_e,0.1,Bluetooth/attacks/csv/train/Bluetooth_DoS_train.pcap.csv,3984,0.0005618929862976074,-0.0007652640342712402,13,2,3.9173750554309366,3.0
train_bluetooth_catboost_bluetooth_recovery_e,0.1,Bluetooth/attacks/csv/train/Bluetooth_DoS_train.pcap.csv,4006,0.0005618929862976074,-0.010115563869476318,13,5,171900.74951189762,171760.375
train_bluetooth_catboost_bluetooth_recovery_e,0.1,Bluetooth/attacks/csv/train/Bluetooth_DoS_train.pcap.csv,4017,0.0005618929862976074,-0.010115563869476318,13,1,1.0729427337646484,1.0729427337646484
train_bluetooth_catboost_bluetooth_recovery_e,0.1,Bluetooth/attacks/csv/train/Bluetooth_DoS_train.pcap.csv,4020,0.0005618929862976074,-0.0007652640342712402,13,1,2.290864944458008,2.290864944458008
train_bluetooth_catboost_bluetooth_recovery_e,0.1,Bluetooth/attacks/csv/train/Bluetooth_DoS_train.pcap.csv,4032,0.0005618929862976074,-0.010115563869476318,13,4,33.335398795587224,23.497604370117188
train_bluetooth_catboost_bluetooth_recovery_e,0.1,Bluetooth/attacks/csv/train/Bluetooth_DoS_train.pcap.csv,4039,0.0005618929862976074,-0.010115563869476318,13,3,10.515239728246705,10.316131591796875
train_bluetooth_catboost_bluetooth_recovery_e,0.1,Bluetooth/attacks/csv/train/Bluetooth_DoS_train.pcap.csv,4070,0.0005618929862976074,-0.010115563869476318,13,4,26752.187574783446,26752.1875
train_bluetooth_catboost_bluetooth_recovery_e,0.1,Bluetooth/attacks/csv/train/Bluetooth_DoS_train.pcap.csv,4098,0.0005618929862976074,-0.0007652640342712402,13,2,12.31969168687029,12.16162109375
train_bluetooth_catboost_bluetooth_recovery_e,0.1,Bluetooth/attacks/csv/train/Bluetooth_DoS_train.pcap.csv,4103,0.0005618929862976074,-0.010115563869476318,13,4,17.251723719989478,11.888717651367188
train_bluetooth_catboost_bluetooth_recovery_e,0.1,Bluetooth/attacks/csv/train/Bluetooth_DoS_train.pcap.csv,4114,0.0005618929862976074,-0.0007652640342712402,13,3,189390.51668944623,189235.625
train_bluetooth_catboost_bluetooth_recovery_e,0.1,Bluetooth/attacks/csv/train/Bluetooth_DoS_train.pcap.csv,4133,0.0005618929862976074,-0.010115563869476318,13,1,2.3497352600097656,2.3497352600097656
train_bluetooth_catboost_bluetooth_recovery_e,0.1,Bluetooth/attacks/csv/train/Bluetooth_DoS_train.pcap.csv,4146,0.0005618929862976074,-0.010115563869476318,13,2,3.071809751431558,2.6219215393066406
train_bluetooth_catboost_bluetooth_recovery_e,0.1,Bluetooth/attacks/csv/train/Bluetooth_DoS_train.pcap.csv,4167,0.0005618929862976074,-0.010115563869476318,13,5,102529.53955079266,102445.625
train_bluetooth_catboost_bluetooth_recovery_e,0.1,Bluetooth/attacks/csv/train/Bluetooth_DoS_train.pcap.csv,4237,0.0005618929862976074,-0.010115563869476318,13,4,35.5355048166798,25.101699829101562
train_bluetooth_catboost_bluetooth_recovery_e,0.1,Bluetooth/attacks/csv/train/Bluetooth_DoS_train.pcap.csv,4248,0.0005618929862976074,-0.010115563869476318,13,3,8.914432604824302,8.43084716796875
train_bluetooth_catboost_bluetooth_recovery_e,0.1,Bluetooth/attacks/csv/train/Bluetooth_DoS_train.pcap.csv,4265,0.0005618929862976074,-0.010115563869476318,13,3,37.16672255910621,26.2525634765625
train_bluetooth_catboost_bluetooth_recovery_e,0.1,Bluetooth/attacks/csv/train/Bluetooth_DoS_train.pcap.csv,4274,0.0005618929862976074,-0.010115563869476318,13,2,2.058861134468451,1.7243213653564453
train_bluetooth_catboost_bluetooth_recovery_e,0.1,Bluetooth/attacks/csv/train/Bluetooth_DoS_train.pcap.csv,4279,0.0005618929862976074,-0.010115563869476318,13,4,26624.812526371483,26624.8125
train_bluetooth_catboost_bluetooth_recovery_e,0.1,Bluetooth/attacks/csv/train/Bluetooth_DoS_train.pcap.csv,4314,0.0005618929862976074,-0.010115563869476318,13,1,2.1719837188720703,2.1719837188720703
train_bluetooth_catboost_bluetooth_recovery_e,0.1,Bluetooth/attacks/csv/train/Bluetooth_DoS_train.pcap.csv,4337,0.0005618929862976074,-0.010115563869476318,13,2,1.8427963371626064,1.4780941009521484
train_bluetooth_catboost_bluetooth_recovery_e,0.1,Bluetooth/attacks/csv/train/Bluetooth_DoS_train.pcap.csv,4347,0.0005618929862976074,-0.0007652640342712402,13,3,1.6514887274163266,1.2089157104492188
train_bluetooth_catboost_bluetooth_recovery_e,0.1,Bluetooth/attacks/csv/train/Bluetooth_DoS_train.pcap.csv,4421,0.0005618929862976074,-0.010115563869476318,13,1,2.1494274139404297,2.1494274139404297
train_bluetooth_catboost_bluetooth_recovery_e,0.1,Bluetooth/attacks/csv/train/Bluetooth_DoS_train.pcap.csv,4429,0.0005618929862976074,-0.010115563869476318,13,1,1.6076278686523438,1.6076278686523438
train_bluetooth_catboost_bluetooth_recovery_e,0.1,Bluetooth/attacks/csv/train/Bluetooth_DoS_train.pcap.csv,4455,0.0005618929862976074,-0.010115563869476318,13,1,1.1644153594970703,1.1644153594970703
train_bluetooth_catboost_bluetooth_recovery_e,0.1,Bluetooth/attacks/csv/train/Bluetooth_DoS_train.pcap.csv,4486,0.0005618929862976074,-0.010115563869476318,13,3,2.6487446076017354,2.0953598022460938
train_bluetooth_catboost_bluetooth_recovery_e,0.1,Bluetooth/attacks/csv/train/Bluetooth_DoS_train.pcap.csv,4509,0.0005618929862976074,-0.010115563869476318,13,1,2.744722366333008,2.744722366333008
train_bluetooth_catboost_bluetooth_recovery_e,0.1,Bluetooth/attacks/csv/train/Bluetooth_DoS_train.pcap.csv,4527,0.0005618929862976074,-0.010115563869476318,13,2,2.4787262489115016,2.478017807006836
train_bluetooth_catboost_bluetooth_recovery_e,0.1,Bluetooth/attacks/csv/train/Bluetooth_DoS_train.pcap.csv,4543,0.0005618929862976074,-0.0007652640342712402,13,1,2.6195125579833984,2.6195125579833984
train_bluetooth_catboost_bluetooth_recovery_e,0.1,Bluetooth/attacks/csv/train/Bluetooth_DoS_train.pcap.csv,4546,0.0005618929862976074,-0.010115563869476318,13,3,120058.9778826474,119960.25
train_bluetooth_catboost_bluetooth_recovery_e,0.1,Bluetooth/attacks/csv/train/Bluetooth_DoS_train.pcap.csv,4569,0.0005618929862976074,-0.010115563869476318,13,3,2.215616949320441,1.8283920288085938
train_bluetooth_catboost_bluetooth_recovery_e,0.1,Bluetooth/attacks/csv/train/Bluetooth_DoS_train.pcap.csv,4585,0.0005618929862976074,-0.010115563869476318,13,4,43876.00006884429,43876.0
train_bluetooth_catboost_bluetooth_recovery_e,0.1,Bluetooth/attacks/csv/train/Bluetooth_DoS_train.pcap.csv,4603,0.0005618929862976074,-0.0007652640342712402,13,3,26428.75011707893,26428.75
train_bluetooth_catboost_bluetooth_recovery_e,0.1,Bluetooth/attacks/csv/train/Bluetooth_DoS_train.pcap.csv,4621,0.0005618929862976074,-0.010115563869476318,13,3,93409.75541119612,93332.875
train_bluetooth_catboost_bluetooth_recovery_e,0.1,Bluetooth/attacks/csv/train/Bluetooth_DoS_train.pcap.csv,4672,0.0005618929862976074,-0.010115563869476318,13,4,197265.07179566807,197102.625
train_bluetooth_catboost_bluetooth_recovery_e,0.1,Bluetooth/attacks/csv/train/Bluetooth_DoS_train.pcap.csv,4706,0.0005618929862976074,-0.010115563869476318,13,4,26364.625145150076,26364.625
train_bluetooth_catboost_bluetooth_recovery_e,0.1,Bluetooth/attacks/csv/train/Bluetooth_DoS_train.pcap.csv,4709,0.0005618929862976074,-0.010115563869476318,13,2,2.169845581054763,2.1698455810546875
train_bluetooth_catboost_bluetooth_recovery_e,0.1,Bluetooth/attacks/csv/train/Bluetooth_DoS_train.pcap.csv,4718,0.0005618929862976074,-0.010115563869476318,13,3,62576.25002742298,62576.25
train_bluetooth_catboost_bluetooth_recovery_e,0.1,Bluetooth/attacks/csv/train/Bluetooth_DoS_train.pcap.csv,4744,0.0005618929862976074,-0.010115563869476318,13,5,26341.51523098355,26341.5
train_bluetooth_catboost_bluetooth_recovery_e,0.1,Bluetooth/attacks/csv/train/Bluetooth_DoS_train.pcap.csv,4755,0.0005618929862976074,-0.010115563869476318,13,1,1.5329246520996094,1.5329246520996094
train_bluetooth_catboost_bluetooth_recovery_e,0.1,Bluetooth/attacks/csv/train/Bluetooth_DoS_train.pcap.csv,4776,0.0005618929862976074,-0.010115563869476318,13,3,108393.23393619106,108303.875
train_bluetooth_catboost_bluetooth_recovery_e,0.1,Bluetooth/attacks/csv/train/Bluetooth_DoS_train.pcap.csv,4794,0.0005618929862976074,-0.010115563869476318,13,3,187001.69428999603,186847.5
train_bluetooth_catboost_bluetooth_recovery_e,0.1,Bluetooth/attacks/csv/train/Bluetooth_DoS_train.pcap.csv,4813,0.0005618929862976074,-0.010115563869476318,13,1,1.4046306610107422,1.4046306610107422
train_bluetooth_catboost_bluetooth_recovery_e,0.1,Bluetooth/attacks/csv/train/Bluetooth_DoS_train.pcap.csv,4823,0.0005618929862976074,-0.010115563869476318,13,2,2.4528604034466635,2.135509490966797
train_bluetooth_catboost_bluetooth_recovery_e,0.1,Bluetooth/attacks/csv/train/Bluetooth_DoS_train.pcap.csv,4832,0.0005618929862976074,-0.010115563869476318,13,1,2.696857452392578,2.696857452392578
train_bluetooth_catboost_bluetooth_recovery_e,0.1,Bluetooth/attacks/csv/train/Bluetooth_DoS_train.pcap.csv,4839,0.0005618929862976074,-0.010115563869476318,13,1,1.203695297241211,1.203695297241211
train_bluetooth_catboost_bluetooth_recovery_e,0.1,Bluetooth/attacks/csv/train/Bluetooth_DoS_train.pcap.csv,4903,0.0005618929862976074,-0.010115563869476318,13,1,1.412374496459961,1.412374496459961
train_bluetooth_catboost_bluetooth_recovery_e,0.1,Bluetooth/attacks/csv/train/Bluetooth_DoS_train.pcap.csv,4916,0.0005618929862976074,-0.010115563869476318,13,2,2.3602242268935045,1.874399185180664
train_bluetooth_catboost_bluetooth_recovery_e,0.1,Bluetooth/attacks/csv/train/Bluetooth_DoS_train.pcap.csv,4922,0.0005618929862976074,-0.010115563869476318,13,3,2.848264348340575,2.5246334075927734
train_bluetooth_catboost_bluetooth_recovery_e,0.1,Bluetooth/attacks/csv/train/Bluetooth_DoS_train.pcap.csv,4924,0.0005618929862976074,-0.010115563869476318,13,1,2.4525070190429688,2.4525070190429688
train_bluetooth_catboost_bluetooth_recovery_e,0.1,Bluetooth/attacks/csv/train/Bluetooth_DoS_train.pcap.csv,4925,0.0005618929862976074,-0.010115563869476318,13,3,79680.12503283702,79680.125
train_bluetooth_catboost_bluetooth_recovery_e,0.1,Bluetooth/attacks/csv/train/Bluetooth_DoS_train.pcap.csv,4957,0.0005618929862976074,-0.010115563869476318,13,2,9.641294987605049,9.484298706054688
train_bluetooth_catboost_bluetooth_recovery_e,0.1,Bluetooth/attacks/csv/train/Bluetooth_DoS_train.pcap.csv,4972,0.0005618929862976074,-0.010115563869476318,13,2,1.1293202903631507,1.1013011932373047
train_bluetooth_catboost_bluetooth_recovery_e,0.1,Bluetooth/attacks/csv/train/Bluetooth_DoS_train.pcap.csv,5007,0.0005618929862976074,-0.010115563869476318,13,2,2.1278943033952133,1.7987546920776367
train_bluetooth_catboost_bluetooth_recovery_e,0.1,Bluetooth/attacks/csv/train/Bluetooth_DoS_train.pcap.csv,5010,0.0005618929862976074,-0.010115563869476318,13,3,10.387739141001072,10.20843505859375
train_bluetooth_catboost_bluetooth_recovery_e,0.1,Bluetooth/attacks/csv/train/Bluetooth_DoS_train.pcap.csv,5014,0.0005618929862976074,-0.010115563869476318,13,1,1.6404857635498047,1.6404857635498047
train_bluetooth_catboost_bluetooth_recovery_e,0.1,Bluetooth/attacks/csv/train/Bluetooth_DoS_train.pcap.csv,5026,0.0005618929862976074,-0.010115563869476318,13,1,1.2366371154785156,1.2366371154785156
train_bluetooth_catboost_bluetooth_recovery_e,0.1,Bluetooth/attacks/csv/train/Bluetooth_DoS_train.pcap.csv,5039,0.0005618929862976074,-0.010115563869476318,13,4,28.144735961676396,19.870452880859375
train_bluetooth_catboost_bluetooth_recovery_e,0.1,Bluetooth/attacks/csv/train/Bluetooth_DoS_train.pcap.csv,5048,0.0005618929862976074,-0.0007652640342712402,13,4,26156.250029292234,26156.25
train_bluetooth_catboost_bluetooth_recovery_e,0.1,Bluetooth/attacks/csv/train/Bluetooth_DoS_train.pcap.csv,5067,0.0005618929862976074,-0.010115563869476318,13,2,2.2682417024184387,1.8576726913452148
train_bluetooth_catboost_bluetooth_recovery_e,0.1,Bluetooth/attacks/csv/train/Bluetooth_DoS_train.pcap.csv,5073,0.0005618929862976074,-0.0007652640342712402,13,3,8.065405250007705,7.8383636474609375
train_bluetooth_catboost_bluetooth_recovery_e,0.1,Bluetooth/attacks/csv/train/Bluetooth_DoS_train.pcap.csv,5096,0.0005618929862976074,-0.010115563869476318,13,3,2.2052859197634436,2.0770320892333984
train_bluetooth_catboost_bluetooth_recovery_e,0.1,Bluetooth/attacks/csv/train/Bluetooth_DoS_train.pcap.csv,5104,0.0005618929862976074,-0.010115563869476318,13,2,2.8188201196254377,2.6084365844726562
train_bluetooth_catboost_bluetooth_recovery_e,0.1,Bluetooth/attacks/csv/train/Bluetooth_DoS_train.pcap.csv,5115,0.0005618929862976074,-0.010115563869476318,13,4,26.817930768245656,18.909683227539062
train_bluetooth_catboost_bluetooth_recovery_e,0.1,Bluetooth/attacks/csv/train/Bluetooth_DoS_train.pcap.csv,5130,0.0005618929862976074,-0.010115563869476318,13,3,2.619175356713057,2.0471763610839844
train_bluetooth_catboost_bluetooth_recovery_e,0.1,Bluetooth/attacks/csv/train/Bluetooth_DoS_train.pcap.csv,5142,0.0005618929862976074,-0.010115563869476318,13,1,1.7801017761230469,1.7801017761230469
train_bluetooth_catboost_bluetooth_recovery_e,0.1,Bluetooth/attacks/csv/train/Bluetooth_DoS_train.pcap.csv,5151,0.0005618929862976074,-0.010115563869476318,13,4,139604.38398717105,139488.875
train_bluetooth_catboost_bluetooth_recovery_e,0.1,Bluetooth/attacks/csv/train/Bluetooth_DoS_train.pcap.csv,5158,0.0005618929862976074,-0.010115563869476318,13,2,2.8249229025051137,2.8244571685791016
train_bluetooth_catboost_bluetooth_recovery_e,0.1,Bluetooth/attacks/csv/train/Bluetooth_DoS_train.pcap.csv,5177,0.0005618929862976074,-0.010115563869476318,13,2,2.8821758846353083,2.7649898529052734
train_bluetooth_catboost_bluetooth_recovery_e,0.1,Bluetooth/attacks/csv/train/Bluetooth_DoS_train.pcap.csv,5185,0.0005618929862976074,-0.010115563869476318,13,3,247539.1221890122,247334.25
train_bluetooth_catboost_bluetooth_recovery_e,0.1,Bluetooth/attacks/csv/train/Bluetooth_DoS_train.pcap.csv,5192,0.0005618929862976074,-0.010115563869476318,13,1,1.1984405517578125,1.1984405517578125
train_bluetooth_catboost_bluetooth_recovery_e,0.1,Bluetooth/attacks/csv/train/Bluetooth_DoS_train.pcap.csv,5214,0.0005618929862976074,-0.010115563869476318,13,3,2.6891807370116005,2.2496585845947266
train_bluetooth_catboost_bluetooth_recovery_e,0.1,Bluetooth/attacks/csv/train/Bluetooth_DoS_train.pcap.csv,5225,0.0005618929862976074,-0.010115563869476318,13,3,6.049691572019545,5.5108795166015625
train_bluetooth_catboost_bluetooth_recovery_e,0.1,Bluetooth/attacks/csv/train/Bluetooth_DoS_train.pcap.csv,5258,0.0005618929862976074,-0.010115563869476318,13,3,151817.4820507209,151691.75
train_bluetooth_catboost_bluetooth_recovery_e,0.1,Bluetooth/attacks/csv/train/Bluetooth_DoS_train.pcap.csv,5269,0.0005618929862976074,-0.0007652640342712402,13,1,2.0418643951416016,2.0418643951416016
train_bluetooth_catboost_bluetooth_recovery_e,0.1,Bluetooth/attacks/csv/train/Bluetooth_DoS_train.pcap.csv,5276,0.0005618929862976074,-0.010115563869476318,16,3,3.1700725481757197,2.460969924926758
train_bluetooth_catboost_bluetooth_recovery_e,0.1,Bluetooth/attacks/csv/train/Bluetooth_DoS_train.pcap.csv,5318,0.0005618929862976074,-0.010115563869476318,13,2,1.2941017319733636,1.29315185546875
train_bluetooth_catboost_bluetooth_recovery_e,0.1,Bluetooth/attacks/csv/train/Bluetooth_DoS_train.pcap.csv,5320,0.0005618929862976074,-0.0007652640342712402,13,3,8.237707373777464,7.6612548828125
train_bluetooth_catboost_bluetooth_recovery_e,0.1,Bluetooth/attacks/csv/train/Bluetooth_DoS_train.pcap.csv,5321,0.0005618929862976074,-0.010115563869476318,13,3,3.2727960810186665,2.653911590576172
train_bluetooth_catboost_bluetooth_recovery_e,0.1,Bluetooth/attacks/csv/train/Bluetooth_DoS_train.pcap.csv,5340,0.0005618929862976074,-0.0007652640342712402,13,2,1.9138405438572144,1.8974418640136719
train_bluetooth_catboost_bluetooth_recovery_e,0.1,Bluetooth/attacks/csv/train/Bluetooth_DoS_train.pcap.csv,5386,0.0005618929862976074,-0.010115563869476318,13,2,2.7071181281109093,2.565805435180664
train_bluetooth_catboost_bluetooth_recovery_e,0.1,Bluetooth/attacks/csv/train/Bluetooth_DoS_train.pcap.csv,5399,0.0005618929862976074,-0.010115563869476318,13,3,25942.375028912193,25942.375
train_bluetooth_catboost_bluetooth_recovery_e,0.1,Bluetooth/attacks/csv/train/Bluetooth_DoS_train.pcap.csv,5410,0.0005618929862976074,-0.010115563869476318,13,2,12.31620814077272,12.11480712890625
train_bluetooth_catboost_bluetooth_recovery_e,0.1,Bluetooth/attacks/csv/train/Bluetooth_DoS_train.pcap.csv,5412,0.0005618929862976074,-0.010115563869476318,13,4,249433.46522437516,249226.625
train_bluetooth_catboost_bluetooth_recovery_e,0.1,Bluetooth/attacks/csv/train/Bluetooth_DoS_train.pcap.csv,5425,0.0005618929862976074,-0.010115563869476318,13,3,222631.5071726006,222446.875
train_bluetooth_catboost_bluetooth_recovery_e,0.1,Bluetooth/attacks/csv/train/Bluetooth_DoS_train.pcap.csv,5436,0.0005618929862976074,-0.010115563869476318,13,3,195839.05215445303,195676.625
train_bluetooth_catboost_bluetooth_recovery_e,0.1,Bluetooth/attacks/csv/train/Bluetooth_DoS_train.pcap.csv,5450,0.0005618929862976074,-0.010115563869476318,13,3,25911.250066868804,25911.25
train_bluetooth_catboost_bluetooth_recovery_e,0.1,Bluetooth/attacks/csv/train/Bluetooth_DoS_train.pcap.csv,5464,0.0005618929862976074,-0.010115563869476318,13,3,34.2441542497814,24.153274536132812
train_bluetooth_catboost_bluetooth_recovery_e,0.1,Bluetooth/attacks/csv/train/Bluetooth_DoS_train.pcap.csv,5467,0.0005618929862976074,-0.010115563869476318,13,3,41.23433591722567,29.109283447265625
train_bluetooth_catboost_bluetooth_recovery_e,0.1,Bluetooth/attacks/csv/train/Bluetooth_DoS_train.pcap.csv,5509,0.0005618929862976074,-0.0007652640342712402,13,4,40477.37503913884,40477.375
train_bluetooth_catboost_bluetooth_recovery_e,0.1,Bluetooth/attacks/csv/train/Bluetooth_DoS_train.pcap.csv,5540,0.0005618929862976074,-0.010115563869476318,13,2,5.41193801455867,5.1722564697265625
train_bluetooth_catboost_bluetooth_recovery_e,0.1,Bluetooth/attacks/csv/train/Bluetooth_DoS_train.pcap.csv,5546,0.0005618929862976074,-0.010115563869476318,13,3,3.11890750513508,2.6623477935791016
train_bluetooth_catboost_bluetooth_recovery_e,0.1,Bluetooth/attacks/csv/train/Bluetooth_DoS_train.pcap.csv,5557,0.0005618929862976074,-0.010115563869476318,13,3,245148.89311630867,244945.375
train_bluetooth_catboost_bluetooth_recovery_e,0.1,Bluetooth/attacks/csv/train/Bluetooth_DoS_train.pcap.csv,5641,0.0005618929862976074,-0.0007652640342712402,13,1,1.814035415649414,1.814035415649414
train_bluetooth_catboost_bluetooth_recovery_e,0.1,Bluetooth/attacks/csv/train/Bluetooth_DoS_train.pcap.csv,5654,0.0005618929862976074,-0.0007652640342712402,13,2,3.350946741368398,3.0
train_bluetooth_catboost_bluetooth_recovery_e,0.1,Bluetooth/attacks/csv/train/Bluetooth_DoS_train.pcap.csv,5692,0.0005618929862976074,-0.010115563869476318,13,1,2.064840316772461,2.064840316772461
train_bluetooth_catboost_bluetooth_recovery_e,0.1,Bluetooth/attacks/csv/train/Bluetooth_DoS_train.pcap.csv,5700,0.0005618929862976074,-0.010115563869476318,13,4,25759.002191371244,25759.0
train_bluetooth_catboost_bluetooth_recovery_e,0.1,Bluetooth/attacks/csv/train/Bluetooth_DoS_train.pcap.csv,5701,0.0005618929862976074,-0.010115563869476318,13,3,3.0165124376422203,2.3423690795898438
train_bluetooth_catboost_bluetooth_recovery_e,0.1,Bluetooth/attacks/csv/train/Bluetooth_DoS_train.pcap.csv,5713,0.0005618929862976074,-0.0007652640342712402,13,2,1.9098956341511666,1.9082603454589844
train_bluetooth_catboost_bluetooth_recovery_e,0.1,Bluetooth/attacks/csv/train/Bluetooth_DoS_train.pcap.csv,5714,0.0005618929862976074,-0.010115563869476318,13,3,259000.77098098682,258785.5
train_bluetooth_catboost_bluetooth_recovery_e,0.1,Bluetooth/attacks/csv/train/Bluetooth_DoS_train.pcap.csv,5737,0.0005618929862976074,-0.010115563869476318,13,1,2.3048763275146484,2.3048763275146484
train_bluetooth_catboost_bluetooth_recovery_e,0.1,Bluetooth/attacks/csv/train/Bluetooth_DoS_train.pcap.csv,5748,0.0005618929862976074,-0.0007652640342712402,13,1,1.9560909271240234,1.9560909271240234
train_bluetooth_catboost_bluetooth_recovery_e,0.1,Bluetooth/attacks/csv/train/Bluetooth_DoS_train.pcap.csv,5758,0.0005618929862976074,-0.010115563869476318,13,2,3.452727211387217,3.0
train_bluetooth_catboost_bluetooth_recovery_e,0.1,Bluetooth/attacks/csv/train/Bluetooth_DoS_train.pcap.csv,5761,0.0005618929862976074,-0.010115563869476318,13,4,42.413434538718334,29.958648681640625
train_bluetooth_catboost_bluetooth_recovery_e,0.1,Bluetooth/attacks/csv/train/Bluetooth_DoS_train.pcap.csv,5765,0.0005618929862976074,-0.010115563869476318,13,2,1.1070533246064902,1.1070117950439453
train_bluetooth_catboost_bluetooth_recovery_e,0.1,Bluetooth/attacks/csv/train/Bluetooth_DoS_train.pcap.csv,5780,0.0005618929862976074,-0.010115563869476318,13,1,1.9934616088867188,1.9934616088867188
train_bluetooth_catboost_bluetooth_recovery_e,0.1,Bluetooth/attacks/csv/train/Bluetooth_DoS_train.pcap.csv,5784,0.0005618929862976074,-0.010115563869476318,13,2,1.0211658477783427,1.0211658477783203
train_bluetooth_catboost_bluetooth_recovery_e,0.1,Bluetooth/attacks/csv/train/Bluetooth_DoS_train.pcap.csv,5786,0.0005618929862976074,-0.0007652640342712402,13,1,2.236978530883789,2.236978530883789
train_bluetooth_catboost_bluetooth_recovery_e,0.1,Bluetooth/attacks/csv/train/Bluetooth_DoS_train.pcap.csv,5803,0.0005618929862976074,-0.010115563869476318,16,3,133068.67481509745,132958.0
train_bluetooth_catboost_bluetooth_recovery_e,0.1,Bluetooth/attacks/csv/train/Bluetooth_DoS_train.pcap.csv,5805,0.0005618929862976074,-0.010115563869476318,13,2,1.2146750715523909,1.2138442993164062
train_bluetooth_catboost_bluetooth_recovery_e,0.1,Bluetooth/attacks/csv/train/Bluetooth_DoS_train.pcap.csv,5807,0.0005618929862976074,-0.010115563869476318,13,3,35.65387081602349,25.198883056640625
train_bluetooth_catboost_bluetooth_recovery_e,0.1,Bluetooth/attacks/csv/train/Bluetooth_DoS_train.pcap.csv,5824,0.0005618929862976074,-0.010115563869476318,13,2,1.0754301529081278,1.072601318359375
train_bluetooth_catboost_bluetooth_recovery_e,0.1,Bluetooth/attacks/csv/train/Bluetooth_DoS_train.pcap.csv,5833,0.0005618929862976074,-0.010115563869476318,13,1,2.6160850524902344,2.6160850524902344
train_bluetooth_catboost_bluetooth_recovery_e,0.1,Bluetooth/attacks/csv/train/Bluetooth_DoS_train.pcap.csv,5837,0.0005618929862976074,-0.010115563869476318,13,2,2.4024887863999798,2.1305770874023438
train_bluetooth_catboost_bluetooth_recovery_e,0.1,Bluetooth/attacks/csv/train/Bluetooth_DoS_train.pcap.csv,5841,0.0005618929862976074,-0.0007652640342712402,13,3,25673.00010573304,25673.0
train_bluetooth_catboost_bluetooth_recovery_e,0.1,Bluetooth/attacks/csv/train/Bluetooth_DoS_train.pcap.csv,5868,0.0005618929862976074,-0.010115563869476318,13,2,1.2378118008413048,1.068023681640625
train_bluetooth_catboost_bluetooth_recovery_e,0.1,Bluetooth/attacks/csv/train/Bluetooth_DoS_train.pcap.csv,5881,0.0005618929862976074,-0.010115563869476318,13,2,2.9242467234846856,2.8050804138183594
train_bluetooth_catboost_bluetooth_recovery_e,0.1,Bluetooth/attacks/csv/train/Bluetooth_DoS_train.pcap.csv,5884,0.0005618929862976074,-0.010115563869476318,13,1,2.0897350311279297,2.0897350311279297
train_bluetooth_catboost_bluetooth_recovery_e,0.1,Bluetooth/attacks/csv/train/Bluetooth_DoS_train.pcap.csv,5890,0.0005618929862976074,-0.010115563869476318,13,2,3.035556918279627,2.745729446411133
train_bluetooth_catboost_bluetooth_recovery_e,0.1,Bluetooth/attacks/csv/train/Bluetooth_DoS_train.pcap.csv,5930,0.0005618929862976074,-0.010115563869476318,13,2,2.865091184452552,2.6528663635253906
train_bluetooth_catboost_bluetooth_recovery_e,0.1,Bluetooth/attacks/csv/train/Bluetooth_DoS_train.pcap.csv,5972,0.0005618929862976074,-0.010115563869476318,13,2,2.4655216908883113,2.016026496887207
train_bluetooth_catboost_bluetooth_recovery_e,0.1,Bluetooth/attacks/csv/train/Bluetooth_DoS_train.pcap.csv,5979,0.0005618929862976074,-0.010115563869476318,13,4,229159.82100669638,228969.0
train_bluetooth_catboost_bluetooth_recovery_e,0.1,Bluetooth/attacks/csv/train/Bluetooth_DoS_train.pcap.csv,5981,0.0005618929862976074,-0.010115563869476318,13,4,28.377747776804718,19.990768432617188
train_bluetooth_catboost_bluetooth_recovery_e,0.1,Bluetooth/attacks/csv/train/Bluetooth_DoS_train.pcap.csv,5984,0.0005618929862976074,-0.010115563869476318,13,3,200748.54352505816,200581.375
train_bluetooth_catboost_bluetooth_recovery_e,0.1,Bluetooth/attacks/csv/train/Bluetooth_DoS_train.pcap.csv,5986,0.0005618929862976074,-0.010115563869476318,13,4,25584.625115187657,25584.625
train_bluetooth_catboost_bluetooth_recovery_e,0.1,Bluetooth/attacks/csv/train/Bluetooth_DoS_train.pcap.csv,5988,0.0005618929862976074,-0.010115563869476318,13,3,1.333156016134332,1.004983901977539
train_bluetooth_catboost_bluetooth_recovery_e,0.1,Bluetooth/attacks/csv/train/Bluetooth_DoS_train.pcap.csv,6026,0.0005618929862976074,-0.010115563869476318,13,5,120343.24711156756,120243.0
train_bluetooth_catboost_bluetooth_recovery_e,0.1,Bluetooth/attacks/csv/train/Bluetooth_DoS_train.pcap.csv,6047,0.0005618929862976074,-0.0007652640342712402,13,4,25547.500119998243,25547.5
train_bluetooth_catboost_bluetooth_recovery_e,0.1,Bluetooth/attacks/csv/train/Bluetooth_DoS_train.pcap.csv,6056,0.0005618929862976074,-0.010115563869476318,13,3,2.9317557001239716,2.2939319610595703
train_bluetooth_catboost_bluetooth_recovery_e,0.1,Bluetooth/attacks/csv/train/Bluetooth_DoS_train.pcap.csv,6066,0.0005618929862976074,-0.010115563869476318,13,2,1.8729301139268997,1.6358165740966797
train_bluetooth_catboost_bluetooth_recovery_e,0.1,Bluetooth/attacks/csv/train/Bluetooth_DoS_train.pcap.csv,6073,0.0005618929862976074,-0.010115563869476318,13,3,250683.8728448205,250475.0
train_bluetooth_catboost_bluetooth_recovery_e,0.1,Bluetooth/attacks/csv/train/Bluetooth_DoS_train.pcap.csv,6077,0.0005618929862976074,-0.010115563869476318,13,4,25.315652097996892,17.830307006835938
train_bluetooth_catboost_bluetooth_recovery_e,0.1,Bluetooth/attacks/csv/train/Bluetooth_DoS_train.pcap.csv,6088,0.0005618929862976074,-0.0007652640342712402,13,3,234314.00497207657,234118.75
train_bluetooth_catboost_bluetooth_recovery_e,0.1,Bluetooth/attacks/csv/train/Bluetooth_DoS_train.pcap.csv,6115,0.0005618929862976074,-0.010115563869476318,13,3,2.8879185745457314,2.1707258224487305
train_bluetooth_catboost_bluetooth_recovery_e,0.1,Bluetooth/attacks/csv/train/Bluetooth_DoS_train.pcap.csv,6141,0.0005618929862976074,-0.010115563869476318,16,2,1.9367466485561857,1.9336795806884766
train_bluetooth_catboost_bluetooth_recovery_e,0.1,Bluetooth/attacks/csv/train/Bluetooth_DoS_train.pcap.csv,6143,0.0005618929862976074,-0.010115563869476318,13,3,22.232796110781567,15.6875
train_bluetooth_catboost_bluetooth_recovery_e,0.1,Bluetooth/attacks/csv/train/Bluetooth_DoS_train.pcap.csv,6148,0.0005618929862976074,-0.010115563869476318,13,2,1.891282716040289,1.5425996780395508
train_bluetooth_catboost_bluetooth_recovery_e,0.1,Bluetooth/attacks/csv/train/Bluetooth_DoS_train.pcap.csv,6192,0.0005618929862976074,-0.010115563869476318,13,2,1.9311066362877154,1.625
train_bluetooth_catboost_bluetooth_recovery_e,0.1,Bluetooth/attacks/csv/train/Bluetooth_DoS_train.pcap.csv,6211,0.0005618929862976074,-0.010115563869476318,13,1,1.0804786682128906,1.0804786682128906
train_bluetooth_catboost_bluetooth_recovery_e,0.1,Bluetooth/attacks/csv/train/Bluetooth_DoS_train.pcap.csv,6250,0.0005618929862976074,-0.010115563869476318,13,4,186794.44074080169,186638.625
train_bluetooth_catboost_bluetooth_recovery_e,0.1,Bluetooth/attacks/csv/train/Bluetooth_DoS_train.pcap.csv,6258,0.0005618929862976074,-0.010115563869476318,13,3,139852.03713431524,139735.375
train_bluetooth_catboost_bluetooth_recovery_e,0.1,Bluetooth/attacks/csv/train/Bluetooth_DoS_train.pcap.csv,6282,0.0005618929862976074,-0.0007652640342712402,13,3,3.2735475926777156,2.407733917236328
train_bluetooth_catboost_bluetooth_recovery_e,0.1,Bluetooth/attacks/csv/train/Bluetooth_DoS_train.pcap.csv,6299,0.0005618929862976074,-0.010115563869476318,13,2,1.6395317963823648,1.6390209197998047
train_bluetooth_catboost_bluetooth_recovery_e,0.1,Bluetooth/attacks/csv/train/Bluetooth_DoS_train.pcap.csv,6313,0.0005618929862976074,-0.010115563869476318,13,3,7.472101095119499,6.7016754150390625
train_bluetooth_catboost_bluetooth_recovery_e,0.1,Bluetooth/attacks/csv/train/Bluetooth_DoS_train.pcap.csv,6323,0.0005618929862976074,-0.0007652640342712402,13,4,25379.375081595383,25379.375
train_bluetooth_catboost_bluetooth_recovery_e,0.1,Bluetooth/attacks/csv/train/Bluetooth_DoS_train.pcap.csv,6336,0.0005618929862976074,-0.0007652640342712402,13,3,6.074655695970783,5.91729736328125
train_bluetooth_catboost_bluetooth_recovery_e,0.1,Bluetooth/attacks/csv/train/Bluetooth_DoS_train.pcap.csv,6349,0.0005618929862976074,-0.0007652640342712402,13,1,2.8391761779785156,2.8391761779785156
train_bluetooth_catboost_bluetooth_recovery_e,0.1,Bluetooth/attacks/csv/train/Bluetooth_DoS_train.pcap.csv,6352,0.0005618929862976074,-0.010115563869476318,13,1,1.7651996612548828,1.7651996612548828
train_bluetooth_catboost_bluetooth_recovery_e,0.1,Bluetooth/attacks/csv/train/Bluetooth_DoS_train.pcap.csv,6362,0.0005618929862976074,-0.010115563869476318,13,3,84996.50004877381,84996.5
train_bluetooth_catboost_bluetooth_recovery_e,0.1,Bluetooth/attacks/csv/train/Bluetooth_DoS_train.pcap.csv,6373,0.0005618929862976074,-0.010115563869476318,16,3,25350.75010123345,25350.75
train_bluetooth_catboost_bluetooth_recovery_e,0.1,Bluetooth/attacks/csv/train/Bluetooth_DoS_train.pcap.csv,6374,0.0005618929862976074,-0.010115563869476318,13,2,2.726902008060483,2.7269020080566406
train_bluetooth_catboost_bluetooth_recovery_e,0.1,Bluetooth/attacks/csv/train/Bluetooth_DoS_train.pcap.csv,6377,0.0005618929862976074,-0.0007652640342712402,13,3,2.501595197524572,1.7857990264892578
train_bluetooth_catboost_bluetooth_recovery_e,0.1,Bluetooth/attacks/csv/train/Bluetooth_DoS_train.pcap.csv,6421,0.0005618929862976074,-0.010115563869476318,13,1,1.3240280151367188,1.3240280151367188
train_bluetooth_catboost_bluetooth_recovery_e,0.1,Bluetooth/attacks/csv/train/Bluetooth_DoS_train.pcap.csv,6433,0.0005618929862976074,-0.010115563869476318,13,2,2.4821673455370536,2.4818458557128906
train_bluetooth_catboost_bluetooth_recovery_e,0.1,Bluetooth/attacks/csv/train/Bluetooth_DoS_train.pcap.csv,6438,0.0005618929862976074,-0.0007652640342712402,13,1,1.0248470306396484,1.0248470306396484
train_bluetooth_catboost_bluetooth_recovery_e,0.1,Bluetooth/attacks/csv/train/Bluetooth_DoS_train.pcap.csv,6463,0.0005618929862976074,-0.010115563869476318,13,3,134718.89128869787,134606.375
train_bluetooth_catboost_bluetooth_recovery_e,0.1,Bluetooth/attacks/csv/train/Bluetooth_DoS_train.pcap.csv,6464,0.0005618929862976074,-0.010115563869476318,13,1,1.8471298217773438,1.8471298217773438
train_bluetooth_catboost_bluetooth_recovery_e,0.1,Bluetooth/attacks/csv/train/Bluetooth_DoS_train.pcap.csv,6468,0.0005618929862976074,-0.010115563869476318,13,4,39.26080755435142,27.714187622070312
train_bluetooth_catboost_bluetooth_recovery_e,0.1,Bluetooth/attacks/csv/train/Bluetooth_DoS_train.pcap.csv,6510,0.0005618929862976074,-0.010115563869476318,13,3,25265.37513804896,25265.375
train_bluetooth_catboost_bluetooth_recovery_e,0.1,Bluetooth/attacks/csv/train/Bluetooth_DoS_train.pcap.csv,6515,0.0005618929862976074,-0.010115563869476318,13,3,2.51425489073939,2.441059112548828
train_bluetooth_catboost_bluetooth_recovery_e,0.1,Bluetooth/attacks/csv/train/Bluetooth_DoS_train.pcap.csv,6517,0.0005618929862976074,-0.010115563869476318,13,3,2.814429381404723,2.017333984375
train_bluetooth_catboost_bluetooth_recovery_e,0.1,Bluetooth/attacks/csv/train/Bluetooth_DoS_train.pcap.csv,6557,0.0005618929862976074,-0.010115563869476318,13,3,1.088119767296057,1.0588836669921875
train_bluetooth_catboost_bluetooth_recovery_e,0.1,Bluetooth/attacks/csv/train/Bluetooth_DoS_train.pcap.csv,6559,0.0005618929862976074,-0.010115563869476318,13,1,2.7260704040527344,2.7260704040527344
train_bluetooth_catboost_bluetooth_recovery_e,0.1,Bluetooth/attacks/csv/train/Bluetooth_DoS_train.pcap.csv,6562,0.0005618929862976074,-0.0007652640342712402,13,2,2.521507145320775,1.928049087524414
train_bluetooth_catboost_bluetooth_recovery_e,0.1,Bluetooth/attacks/csv/train/Bluetooth_DoS_train.pcap.csv,6564,0.0005618929862976074,-0.010115563869476318,13,4,25232.50005360674,25232.5
train_bluetooth_catboost_bluetooth_recovery_e,0.1,Bluetooth/attacks/csv/train/Bluetooth_DoS_train.pcap.csv,6577,0.0005618929862976074,-0.010115563869476318,13,4,273864.25348583143,273635.375
train_bluetooth_catboost_bluetooth_recovery_e,0.1,Bluetooth/attacks/csv/train/Bluetooth_DoS_train.pcap.csv,6594,0.0005618929862976074,-0.010115563869476318,13,2,3.107527970967334,2.6113014221191406
train_bluetooth_catboost_bluetooth_recovery_e,0.1,Bluetooth/attacks/csv/train/Bluetooth_DoS_train.pcap.csv,6627,0.0005618929862976074,-0.010115563869476318,13,3,307902.0173493118,307644.625
train_bluetooth_catboost_bluetooth_recovery_e,0.1,Bluetooth/attacks/csv/train/Bluetooth_DoS_train.pcap.csv,6645,0.0005618929862976074,-0.010115563869476318,13,4,31.42749085530872,22.137664794921875
train_bluetooth_catboost_bluetooth_recovery_e,0.1,Bluetooth/attacks/csv/train/Bluetooth_DoS_train.pcap.csv,6679,0.0005618929862976074,-0.0007652640342712402,13,2,2.9268558219342538,2.8128089904785156
train_bluetooth_catboost_bluetooth_recovery_e,0.1,Bluetooth/attacks/csv/train/Bluetooth_DoS_train.pcap.csv,6726,0.0005618929862976074,-0.0007652640342712402,13,1,1.3145179748535156,1.3145179748535156
train_bluetooth_catboost_bluetooth_recovery_e,0.1,Bluetooth/attacks/csv/train/Bluetooth_DoS_train.pcap.csv,6773,0.0005618929862976074,-0.0007652640342712402,13,1,1.3895988464355469,1.3895988464355469
train_bluetooth_catboost_bluetooth_recovery_e,0.1,Bluetooth/attacks/csv/train/Bluetooth_DoS_train.pcap.csv,6785,0.0005618929862976074,-0.010115563869476318,13,4,39.907934449796315,28.15869140625
train_bluetooth_catboost_bluetooth_recovery_e,0.1,Bluetooth/attacks/csv/train/Bluetooth_DoS_train.pcap.csv,6786,0.0005618929862976074,-0.010115563869476318,13,1,2.7138500213623047,2.7138500213623047
train_bluetooth_catboost_bluetooth_recovery_e,0.1,Bluetooth/attacks/csv/train/Bluetooth_DoS_train.pcap.csv,6793,0.0005618929862976074,-0.010115563869476318,13,2,2.018477337785124,1.7452812194824219
train_bluetooth_catboost_bluetooth_recovery_e,0.1,Bluetooth/attacks/csv/train/Bluetooth_DoS_train.pcap.csv,6840,0.0005618929862976074,-0.010115563869476318,13,1,1.0580596923828125,1.0580596923828125
train_bluetooth_catboost_bluetooth_recovery_e,0.1,Bluetooth/attacks/csv/train/Bluetooth_DoS_train.pcap.csv,6842,0.0005618929862976074,-0.010115563869476318,13,1,2.4283294677734375,2.4283294677734375
train_bluetooth_catboost_bluetooth_recovery_e,0.1,Bluetooth/attacks/csv/train/Bluetooth_DoS_train.pcap.csv,6868,0.0005618929862976074,-0.0007652640342712402,13,2,1.4181520968765995,1.4135780334472656
train_bluetooth_catboost_bluetooth_recovery_e,0.1,Bluetooth/attacks/csv/train/Bluetooth_DoS_train.pcap.csv,6871,0.0005618929862976074,-0.010115563869476318,13,2,2.761631422867662,2.1363773345947266
train_bluetooth_catboost_bluetooth_recovery_e,0.1,Bluetooth/attacks/csv/train/Bluetooth_DoS_train.pcap.csv,6879,0.0005618929862976074,-0.010115563869476318,13,2,2.2120360841339988,2.2117271423339844
train_bluetooth_catboost_bluetooth_recovery_e,0.1,Bluetooth/attacks/csv/train/Bluetooth_DoS_train.pcap.csv,6891,0.0005618929862976074,-0.010115563869476318,13,3,185819.80193729757,185664.25
train_bluetooth_catboost_bluetooth_recovery_e,0.1,Bluetooth/attacks/csv/train/Bluetooth_DoS_train.pcap.csv,6897,0.0005618929862976074,-0.010115563869476318,13,2,1.7725533222445415,1.4172840118408203
train_bluetooth_catboost_bluetooth_recovery_e,0.1,Bluetooth/attacks/csv/train/Bluetooth_DoS_train.pcap.csv,6899,0.0005618929862976074,-0.010115563869476318,13,1,1.5695171356201172,1.5695171356201172
train_bluetooth_catboost_bluetooth_recovery_e,0.1,Bluetooth/attacks/csv/train/Bluetooth_DoS_train.pcap.csv,6908,0.0005618929862976074,-0.010115563869476318,13,3,30.14475437153284,21.287567138671875
train_bluetooth_catboost_bluetooth_recovery_e,0.1,Bluetooth/attacks/csv/train/Bluetooth_DoS_train.pcap.csv,6913,0.0005618929862976074,-0.0007652640342712402,13,3,1.8677773669540831,1.8605575561523438
train_bluetooth_catboost_bluetooth_recovery_e,0.1,Bluetooth/attacks/csv/train/Bluetooth_DoS_train.pcap.csv,6918,0.0005618929862976074,-0.010115563869476318,13,4,194216.47790987347,194053.875
train_bluetooth_catboost_bluetooth_recovery_e,0.1,Bluetooth/attacks/csv/train/Bluetooth_DoS_train.pcap.csv,6928,0.0005618929862976074,-0.010115563869476318,16,2,2.8522688330582713,2.617168426513672
train_bluetooth_catboost_bluetooth_recovery_e,0.1,Bluetooth/attacks/csv/train/Bluetooth_DoS_train.pcap.csv,6930,0.0005618929862976074,-0.010115563869476318,13,2,11.428061679039033,11.291900634765625
train_bluetooth_catboost_bluetooth_recovery_e,0.1,Bluetooth/attacks/csv/train/Bluetooth_DoS_train.pcap.csv,6983,0.0005618929862976074,-0.010115563869476318,16,4,17.29739897190304,12.200958251953125
train_bluetooth_catboost_bluetooth_recovery_e,0.1,Bluetooth/attacks/csv/train/Bluetooth_DoS_train.pcap.csv,6991,0.0005618929862976074,-0.0007652640342712402,13,1,1.4709529876708984,1.4709529876708984
train_bluetooth_catboost_bluetooth_recovery_e,0.1,Bluetooth/attacks/csv/train/Bluetooth_DoS_train.pcap.csv,7031,0.0005618929862976074,-0.010115563869476318,13,1,2.0131874084472656,2.0131874084472656
train_bluetooth_catboost_bluetooth_recovery_e,0.1,Bluetooth/attacks/csv/train/Bluetooth_DoS_train.pcap.csv,7034,0.0005618929862976074,-0.010115563869476318,13,2,2.9569439468345085,2.6860218048095703
train_bluetooth_catboost_bluetooth_recovery_e,0.1,Bluetooth/attacks/csv/train/Bluetooth_DoS_train.pcap.csv,7046,0.0005618929862976074,-0.010115563869476318,13,3,23.19218518270907,16.32763671875
train_bluetooth_catboost_bluetooth_recovery_e,0.1,Bluetooth/attacks/csv/train/Bluetooth_DoS_train.pcap.csv,7059,0.0005618929862976074,-0.010115563869476318,13,3,2.321448814601462,2.013507843017578
train_bluetooth_catboost_bluetooth_recovery_e,0.1,Bluetooth/attacks/csv/train/Bluetooth_DoS_train.pcap.csv,7128,0.0005618929862976074,-0.010115563869476318,13,3,2.698150028263538,2.054443359375
train_bluetooth_catboost_bluetooth_recovery_e,0.1,Bluetooth/attacks/csv/train/Bluetooth_DoS_train.pcap.csv,7145,0.0005618929862976074,-0.010115563869476318,13,2,3.885971451090619,3.0
train_bluetooth_catboost_bluetooth_recovery_e,0.1,Bluetooth/attacks/csv/train/Bluetooth_DoS_train.pcap.csv,7163,0.0005618929862976074,-0.010115563869476318,13,3,9.415092120504138,9.232040405273438
train_bluetooth_catboost_bluetooth_recovery_e,0.1,Bluetooth/attacks/csv/train/Bluetooth_DoS_train.pcap.csv,7198,0.0005618929862976074,-0.0007652640342712402,13,3,80165.37502794227,80165.375
train_bluetooth_catboost_bluetooth_recovery_e,0.1,Bluetooth/attacks/csv/train/Bluetooth_DoS_train.pcap.csv,7229,0.0005618929862976074,-0.010115563869476318,13,1,1.1682415008544922,1.1682415008544922
train_bluetooth_catboost_bluetooth_recovery_e,0.1,Bluetooth/attacks/csv/train/Bluetooth_DoS_train.pcap.csv,7230,0.0005618929862976074,-0.0007652640342712402,13,1,1.9975967407226562,1.9975967407226562
train_bluetooth_catboost_bluetooth_recovery_e,0.1,Bluetooth/attacks/csv/train/Bluetooth_DoS_train.pcap.csv,7264,0.0005618929862976074,-0.010115563869476318,13,2,2.6415801381157458,2.1400489807128906
train_bluetooth_catboost_bluetooth_recovery_e,0.1,Bluetooth/attacks/csv/train/Bluetooth_DoS_train.pcap.csv,7301,0.0005618929862976074,-0.010115563869476318,13,3,40.843981628122606,28.8135986328125
train_bluetooth_catboost_bluetooth_recovery_e,0.1,Bluetooth/attacks/csv/train/Bluetooth_DoS_train.pcap.csv,7321,0.0005618929862976074,-0.010115563869476318,13,3,1.8075136291700207,1.8000717163085938
train_bluetooth_catboost_bluetooth_recovery_e,0.1,Bluetooth/attacks/csv/train/Bluetooth_DoS_train.pcap.csv,7327,0.0005618929862976074,-0.010115563869476318,13,4,33.75274015291262,23.840896606445312
train_bluetooth_catboost_bluetooth_recovery_e,0.1,Bluetooth/attacks/csv/train/Bluetooth_DoS_train.pcap.csv,7343,0.0005618929862976074,-0.010115563869476318,13,4,32.46679567331025,22.85540771484375
train_bluetooth_catboost_bluetooth_recovery_e,0.1,Bluetooth/attacks/csv/train/Bluetooth_DoS_train.pcap.csv,7390,0.0005618929862976074,-0.0007652640342712402,13,1,1.0311813354492188,1.0311813354492188
train_bluetooth_catboost_bluetooth_recovery_e,0.1,Bluetooth/attacks/csv/train/Bluetooth_DoS_train.pcap.csv,7392,0.0005618929862976074,-0.0007652640342712402,16,5,126559.07471049223,126452.875
train_bluetooth_catboost_bluetooth_recovery_e,0.1,Bluetooth/attacks/csv/train/Bluetooth_DoS_train.pcap.csv,7411,0.0005618929862976074,-0.010115563869476318,13,3,2.500867358321903,1.9700565338134766
train_bluetooth_catboost_bluetooth_recovery_e,0.1,Bluetooth/attacks/csv/train/Bluetooth_DoS_train.pcap.csv,7415,0.0005618929862976074,-0.010115563869476318,13,3,2.787213935192284,2.0619869232177734
train_bluetooth_catboost_bluetooth_recovery_e,0.1,Bluetooth/attacks/csv/train/Bluetooth_DoS_train.pcap.csv,7416,0.0005618929862976074,-0.010115563869476318,13,4,325443.4779801565,325170.375
train_bluetooth_catboost_bluetooth_recovery_e,0.1,Bluetooth/attacks/csv/train/Bluetooth_DoS_train.pcap.csv,7418,0.0005618929862976074,-0.010115563869476318,13,3,12.71947169871928,12.289474487304688
train_bluetooth_catboost_bluetooth_recovery_e,0.1,Bluetooth/attacks/csv/train/Bluetooth_DoS_train.pcap.csv,7420,0.0005618929862976074,-0.010115563869476318,13,1,2.8192062377929688,2.8192062377929688
train_bluetooth_catboost_bluetooth_recovery_e,0.1,Bluetooth/attacks/csv/train/Bluetooth_DoS_train.pcap.csv,7447,0.0005618929862976074,-0.0007652640342712402,16,2,1.4385449161898107,1.438150405883789
train_bluetooth_catboost_bluetooth_recovery_e,0.1,Bluetooth/attacks/csv/train/Bluetooth_DoS_train.pcap.csv,7459,0.0005618929862976074,-0.010115563869476318,13,2,2.972052575017007,2.3443641662597656
train_bluetooth_catboost_bluetooth_recovery_e,0.1,Bluetooth/attacks/csv/train/Bluetooth_DoS_train.pcap.csv,7466,0.0005618929862976074,-0.0007652640342712402,13,2,3.247546140408319,2.5936660766601562
train_bluetooth_catboost_bluetooth_recovery_e,0.1,Bluetooth/attacks/csv/train/Bluetooth_DoS_train.pcap.csv,7512,0.0005618929862976074,-0.0007652640342712402,13,3,3.432038986702564,2.8273277282714844
train_bluetooth_catboost_bluetooth_recovery_e,0.1,Bluetooth/attacks/csv/train/Bluetooth_DoS_train.pcap.csv,7531,0.0005618929862976074,-0.010115563869476318,13,2,2.502705308665402,2.5027027130126953
train_bluetooth_catboost_bluetooth_recovery_e,0.1,Bluetooth/attacks/csv/train/Bluetooth_DoS_train.pcap.csv,7560,0.0005618929862976074,-0.010115563869476318,13,2,1.9797289640829505,1.9638805389404297
train_bluetooth_catboost_bluetooth_recovery_e,0.1,Bluetooth/attacks/csv/train/Bluetooth_DoS_train.pcap.csv,7569,0.0005618929862976074,-0.010115563869476318,13,1,2.0651798248291016,2.0651798248291016
train_bluetooth_catboost_bluetooth_recovery_e,0.1,Bluetooth/attacks/csv/train/Bluetooth_DoS_train.pcap.csv,7574,0.0005618929862976074,-0.010115563869476318,13,3,35.482573268358756,25.035140991210938
train_bluetooth_catboost_bluetooth_recovery_e,0.1,Bluetooth/attacks/csv/train/Bluetooth_DoS_train.pcap.csv,7576,0.0005618929862976074,-0.010115563869476318,13,2,2.5561627997028005,2.55615234375
train_bluetooth_catboost_bluetooth_recovery_e,0.1,Bluetooth/attacks/csv/train/Bluetooth_DoS_train.pcap.csv,7615,0.0005618929862976074,-0.010115563869476318,13,2,2.1080150604300374,2.1080150604248047
train_bluetooth_catboost_bluetooth_recovery_e,0.1,Bluetooth/attacks/csv/train/Bluetooth_DoS_train.pcap.csv,7640,0.0005618929862976074,-0.010115563869476318,13,1,1.5970020294189453,1.5970020294189453
train_bluetooth_catboost_bluetooth_recovery_e,0.1,Bluetooth/attacks/csv/train/Bluetooth_DoS_train.pcap.csv,7644,0.0005618929862976074,-0.0007652640342712402,13,1,2.8265533447265625,2.8265533447265625
train_bluetooth_catboost_bluetooth_recovery_e,0.1,Bluetooth/attacks/csv/train/Bluetooth_DoS_train.pcap.csv,7664,0.0005618929862976074,-0.010115563869476318,13,2,1.4702106785815816,1.1472949981689453
train_bluetooth_catboost_bluetooth_recovery_e,0.1,Bluetooth/attacks/csv/train/Bluetooth_DoS_train.pcap.csv,7691,0.0005618929862976074,-0.010115563869476318,16,4,25.376631781511747,17.86944580078125
train_bluetooth_catboost_bluetooth_recovery_e,0.1,Bluetooth/attacks/csv/train/Bluetooth_DoS_train.pcap.csv,7698,0.0005618929862976074,-0.010115563869476318,13,3,246210.3573162062,246003.5
train_bluetooth_catboost_bluetooth_recovery_e,0.1,Bluetooth/attacks/csv/train/Bluetooth_DoS_train.pcap.csv,7701,0.0005618929862976074,-0.010115563869476318,13,3,80133.25003924001,80133.25
train_bluetooth_catboost_bluetooth_recovery_e,0.1,Bluetooth/attacks/csv/train/Bluetooth_DoS_train.pcap.csv,7707,0.0005618929862976074,-0.010115563869476318,13,1,1.6414680480957031,1.6414680480957031
train_bluetooth_catboost_bluetooth_recovery_e,0.1,Bluetooth/attacks/csv/train/Bluetooth_DoS_train.pcap.csv,7718,0.0005618929862976074,-0.010115563869476318,13,3,15.674440394238836,10.95965576171875
train_bluetooth_catboost_bluetooth_recovery_e,0.1,Bluetooth/attacks/csv/train/Bluetooth_DoS_train.pcap.csv,7773,0.0005618929862976074,-0.010115563869476318,13,3,4.133257955512052,3.0
train_bluetooth_catboost_bluetooth_recovery_e,0.1,Bluetooth/attacks/csv/train/Bluetooth_DoS_train.pcap.csv,7777,0.0005618929862976074,-0.010115563869476318,13,4,42.645856737740026,30.101531982421875
train_bluetooth_catboost_bluetooth_recovery_e,0.1,Bluetooth/attacks/csv/train/Bluetooth_DoS_train.pcap.csv,7813,0.0005618929862976074,-0.010115563869476318,13,3,12.197132941924966,11.990737915039062
train_bluetooth_catboost_bluetooth_recovery_e,0.1,Bluetooth/attacks/csv/train/Bluetooth_DoS_train.pcap.csv,7862,0.0005618929862976074,-0.010115563869476318,13,2,3.173931108281026,2.581014633178711
train_bluetooth_catboost_bluetooth_recovery_e,0.1,Bluetooth/attacks/csv/train/Bluetooth_DoS_train.pcap.csv,7870,0.0005618929862976074,-0.010115563869476318,13,3,249009.35503856355,248800.0
train_bluetooth_catboost_bluetooth_recovery_e,0.1,Bluetooth/attacks/csv/train/Bluetooth_DoS_train.pcap.csv,7883,0.0005618929862976074,-0.010115563869476318,13,3,384412.2052667556,384089.0
train_bluetooth_catboost_bluetooth_recovery_e,0.1,Bluetooth/attacks/csv/train/Bluetooth_DoS_train.pcap.csv,7903,0.0005618929862976074,-0.0007652640342712402,13,1,2.1564102172851562,2.1564102172851562
train_bluetooth_catboost_bluetooth_recovery_e,0.1,Bluetooth/attacks/csv/train/Bluetooth_DoS_train.pcap.csv,7928,0.0005618929862976074,-0.010115563869476318,13,3,3.1237202230161096,2.0
train_bluetooth_catboost_bluetooth_recovery_e,0.1,Bluetooth/attacks/csv/train/Bluetooth_DoS_train.pcap.csv,7937,0.0005618929862976074,-0.0007652640342712402,13,3,304457.6591822053,304201.625
train_bluetooth_catboost_bluetooth_recovery_e,0.1,Bluetooth/attacks/csv/train/Bluetooth_DoS_train.pcap.csv,8022,0.0005618929862976074,-0.010115563869476318,13,1,1.9349231719970703,1.9349231719970703
train_bluetooth_catboost_bluetooth_recovery_e,0.1,Bluetooth/attacks/csv/train/Bluetooth_DoS_train.pcap.csv,8034,0.0005618929862976074,-0.010115563869476318,13,2,1.9536974499693969,1.9536514282226562
train_bluetooth_catboost_bluetooth_recovery_e,0.1,Bluetooth/attacks/csv/train/Bluetooth_DoS_train.pcap.csv,8054,0.0005618929862976074,-0.010115563869476318,13,4,24324.50008761408,24324.5
train_bluetooth_catboost_bluetooth_recovery_e,0.1,Bluetooth/attacks/csv/train/Bluetooth_DoS_train.pcap.csv,8060,0.0005618929862976074,-0.010115563869476318,13,2,2.611666185125829,2.3230838775634766
train_bluetooth_catboost_bluetooth_recovery_e,0.1,Bluetooth/attacks/csv/train/Bluetooth_DoS_train.pcap.csv,8062,0.0005618929862976074,-0.010115563869476318,13,4,154100.02657615067,153970.375
train_bluetooth_catboost_bluetooth_recovery_e,0.1,Bluetooth/attacks/csv/train/Bluetooth_DoS_train.pcap.csv,8064,0.0005618929862976074,-0.0007652640342712402,13,2,2.4092227083341746,1.973093032836914
train_bluetooth_catboost_bluetooth_recovery_e,0.1,Bluetooth/attacks/csv/train/Bluetooth_DoS_train.pcap.csv,8070,0.0005618929862976074,-0.010115563869476318,13,3,24314.7500580814,24314.75
train_bluetooth_catboost_bluetooth_recovery_e,0.1,Bluetooth/attacks/csv/train/Bluetooth_DoS_train.pcap.csv,8131,0.0005618929862976074,-0.0007652640342712402,13,3,2.9178779603372003,1.8187780380249023
train_bluetooth_catboost_bluetooth_recovery_e,0.1,Bluetooth/attacks/csv/train/Bluetooth_DoS_train.pcap.csv,8153,0.0005618929862976074,-0.0007652640342712402,13,1,1.2407608032226562,1.2407608032226562
train_bluetooth_catboost_bluetooth_recovery_e,0.1,Bluetooth/attacks/csv/train/Bluetooth_DoS_train.pcap.csv,8170,0.0005618929862976074,-0.010115563869476318,13,1,1.3443317413330078,1.3443317413330078
train_bluetooth_catboost_bluetooth_recovery_e,0.1,Bluetooth/attacks/csv/train/Bluetooth_DoS_train.pcap.csv,8196,0.0005618929862976074,-0.010115563869476318,13,3,36.29148656783134,25.632095336914062
train_bluetooth_catboost_bluetooth_recovery_e,0.1,Bluetooth/attacks/csv/train/Bluetooth_DoS_train.pcap.csv,8217,0.0005618929862976074,-0.010115563869476318,13,3,21.85964254593469,15.421829223632812
train_bluetooth_catboost_bluetooth_recovery_e,0.1,Bluetooth/attacks/csv/train/Bluetooth_DoS_train.pcap.csv,8246,0.0005618929862976074,-0.010115563869476318,13,1,1.372446060180664,1.372446060180664
train_bluetooth_catboost_bluetooth_recovery_e,0.1,Bluetooth/attacks/csv/train/Bluetooth_DoS_train.pcap.csv,8254,0.0005618929862976074,-0.010115563869476318,13,1,1.0635318756103516,1.0635318756103516
train_bluetooth_catboost_bluetooth_recovery_e,0.1,Bluetooth/attacks/csv/train/Bluetooth_DoS_train.pcap.csv,8263,0.0005618929862976074,-0.010115563869476318,13,2,2.149214326553527,1.684046745300293
train_bluetooth_catboost_bluetooth_recovery_e,0.1,Bluetooth/attacks/csv/train/Bluetooth_DoS_train.pcap.csv,8275,0.0005618929862976074,-0.0007652640342712402,13,2,2.435920175522623,2.433198928833008
train_bluetooth_catboost_bluetooth_recovery_e,0.1,Bluetooth/attacks/csv/train/Bluetooth_DoS_train.pcap.csv,8295,0.0005618929862976074,-0.010115563869476318,13,4,24177.62508247715,24177.625
train_bluetooth_catboost_bluetooth_recovery_e,0.1,Bluetooth/attacks/csv/train/Bluetooth_DoS_train.pcap.csv,8303,0.0005618929862976074,-0.010115563869476318,13,2,2.094512172395667,1.7390975952148438
train_bluetooth_catboost_bluetooth_recovery_e,0.1,Bluetooth/attacks/csv/train/Bluetooth_DoS_train.pcap.csv,8339,0.0005618929862976074,-0.010115563869476318,13,4,405954.63976892934,405612.75
train_bluetooth_catboost_bluetooth_recovery_e,0.1,Bluetooth/attacks/csv/train/Bluetooth_DoS_train.pcap.csv,8383,0.0005618929862976074,-0.010115563869476318,13,3,3.1404371144612555,2.696744918823242
train_bluetooth_catboost_bluetooth_recovery_e,0.1,Bluetooth/attacks/csv/train/Bluetooth_DoS_train.pcap.csv,8417,0.0005618929862976074,-0.010115563869476318,13,3,17.635800709046233,12.390960693359375
train_bluetooth_catboost_bluetooth_recovery_e,0.1,Bluetooth/attacks/csv/train/Bluetooth_DoS_train.pcap.csv,8424,0.0005618929862976074,-0.010115563869476318,13,3,108728.0000131802,108728.0
train_bluetooth_catboost_bluetooth_recovery_e,0.1,Bluetooth/attacks/csv/train/Bluetooth_DoS_train.pcap.csv,8428,0.0005618929862976074,-0.010115563869476318,13,1,1.549642562866211,1.549642562866211
train_bluetooth_catboost_bluetooth_recovery_e,0.1,Bluetooth/attacks/csv/train/Bluetooth_DoS_train.pcap.csv,8481,0.0005618929862976074,-0.010115563869476318,13,1,1.0279502868652344,1.0279502868652344
train_bluetooth_catboost_bluetooth_recovery_e,0.1,Bluetooth/attacks/csv/train/Bluetooth_DoS_train.pcap.csv,8506,0.0005618929862976074,-0.010115563869476318,13,4,24049.12508734886,24049.125
train_bluetooth_catboost_bluetooth_recovery_e,0.1,Bluetooth/attacks/csv/train/Bluetooth_DoS_train.pcap.csv,8561,0.0005618929862976074,-0.010115563869476318,16,4,39.752421447973866,27.710769653320312
train_bluetooth_catboost_bluetooth_recovery_e,0.1,Bluetooth/attacks/csv/train/Bluetooth_DoS_train.pcap.csv,8664,0.0005618929862976074,-0.010115563869476318,13,3,185682.4217252676,185525.875
train_bluetooth_catboost_bluetooth_recovery_e,0.1,Bluetooth/attacks/csv/train/Bluetooth_DoS_train.pcap.csv,8678,0.0005618929862976074,-0.010115563869476318,13,1,1.2036609649658203,1.2036609649658203
train_bluetooth_catboost_bluetooth_recovery_e,0.1,Bluetooth/attacks/csv/train/Bluetooth_DoS_train.pcap.csv,8690,0.0005618929862976074,-0.010115563869476318,13,3,277900.5677982944,277666.25
train_bluetooth_catboost_bluetooth_recovery_e,0.1,Bluetooth/attacks/csv/train/Bluetooth_DoS_train.pcap.csv,8701,0.0005618929862976074,-0.0007652640342712402,13,1,1.2560539245605469,1.2560539245605469
train_bluetooth_catboost_bluetooth_recovery_e,0.1,Bluetooth/attacks/csv/train/Bluetooth_DoS_train.pcap.csv,8721,0.0005618929862976074,-0.0007652640342712402,13,3,3.041930326897971,2.555795669555664
train_bluetooth_catboost_bluetooth_recovery_e,0.1,Bluetooth/attacks/csv/train/Bluetooth_DoS_train.pcap.csv,8732,0.0005618929862976074,-0.010115563869476318,13,3,23911.500098510194,23911.5
train_bluetooth_catboost_bluetooth_recovery_e,0.1,Bluetooth/attacks/csv/train/Bluetooth_DoS_train.pcap.csv,8742,0.0005618929862976074,-0.010115563869476318,13,3,1.8699702799049975,1.853179931640625
train_bluetooth_catboost_bluetooth_recovery_e,0.1,Bluetooth/attacks/csv/train/Bluetooth_DoS_train.pcap.csv,8746,0.0005618929862976074,-0.010115563869476318,13,2,1.539900587935936,1.5396499633789062
train_bluetooth_catboost_bluetooth_recovery_e,0.1,Bluetooth/attacks/csv/train/Bluetooth_DoS_train.pcap.csv,8766,0.0005618929862976074,-0.0007652640342712402,13,2,2.115837041596703,2.115816116333008
train_bluetooth_catboost_bluetooth_recovery_e,0.1,Bluetooth/attacks/csv/train/Bluetooth_DoS_train.pcap.csv,8780,0.0005618929862976074,-0.0007652640342712402,13,2,2.270896576211801,2.2113475799560547
train_bluetooth_catboost_bluetooth_recovery_e,0.1,Bluetooth/attacks/csv/train/Bluetooth_DoS_train.pcap.csv,8784,0.0005618929862976074,-0.0007652640342712402,13,3,67937.50004325823,67937.5
train_bluetooth_catboost_bluetooth_recovery_e,0.1,Bluetooth/attacks/csv/train/Bluetooth_DoS_train.pcap.csv,8829,0.0005618929862976074,-0.010115563869476318,13,4,65335.75004297063,65335.75
train_bluetooth_catboost_bluetooth_recovery_e,0.1,Bluetooth/attacks/csv/train/Bluetooth_DoS_train.pcap.csv,8868,0.0005618929862976074,-0.010115563869476318,13,3,2.129909922040649,1.6152458190917969
train_bluetooth_catboost_bluetooth_recovery_e,0.1,Bluetooth/attacks/csv/train/Bluetooth_DoS_train.pcap.csv,8905,0.0005618929862976074,-0.010115563869476318,13,2,1.660758281340028,1.196706771850586
train_bluetooth_catboost_bluetooth_recovery_e,0.1,Bluetooth/attacks/csv/train/Bluetooth_DoS_train.pcap.csv,8910,0.0005618929862976074,-0.010115563869476318,13,4,421101.05025265645,420745.75
train_bluetooth_catboost_bluetooth_recovery_e,0.1,Bluetooth/attacks/csv/train/Bluetooth_DoS_train.pcap.csv,8928,0.0005618929862976074,-0.010115563869476318,13,2,1.2464192172404367,1.2463970184326172
train_bluetooth_catboost_bluetooth_recovery_e,0.1,Bluetooth/attacks/csv/train/Bluetooth_DoS_train.pcap.csv,8954,0.0005618929862976074,-0.010115563869476318,13,3,8.993893823138007,8.605926513671875
train_bluetooth_catboost_bluetooth_recovery_e,0.1,Bluetooth/attacks/csv/train/Bluetooth_DoS_train.pcap.csv,8959,0.0005618929862976074,-0.010115563869476318,13,4,239992.52316206825,239790.0
train_bluetooth_catboost_bluetooth_recovery_e,0.1,Bluetooth/attacks/csv/train/Bluetooth_DoS_train.pcap.csv,8989,0.0005618929862976074,-0.010115563869476318,13,3,5.591887797601735,5.126220703125
train_bluetooth_catboost_bluetooth_recovery_e,0.1,Bluetooth/attacks/csv/train/Bluetooth_DoS_train.pcap.csv,8994,0.0005618929862976074,-0.010115563869476318,13,1,1.1363201141357422,1.1363201141357422
train_bluetooth_catboost_bluetooth_recovery_e,0.1,Bluetooth/attacks/csv/train/Bluetooth_DoS_train.pcap.csv,9020,0.0005618929862976074,-0.010115563869476318,13,3,142359.50001472718,142359.5
train_bluetooth_catboost_bluetooth_recovery_e,0.1,Bluetooth/attacks/csv/train/Bluetooth_DoS_train.pcap.csv,9027,0.0005618929862976074,-0.010115563869476318,16,1,1.882650375366211,1.882650375366211
train_bluetooth_catboost_bluetooth_recovery_e,0.1,Bluetooth/attacks/csv/train/Bluetooth_DoS_train.pcap.csv,9028,0.0005618929862976074,-0.010115563869476318,13,3,3.380852281706927,2.5
train_bluetooth_catboost_bluetooth_recovery_e,0.1,Bluetooth/attacks/csv/train/Bluetooth_DoS_train.pcap.csv,9029,0.0005618929862976074,-0.010115563869476318,13,2,2.406289633476711,2.4061412811279297
train_bluetooth_catboost_bluetooth_recovery_e,0.1,Bluetooth/attacks/csv/train/Bluetooth_DoS_train.pcap.csv,9041,0.0005618929862976074,-0.010115563869476318,13,3,3.238429543140077,2.25
train_bluetooth_catboost_bluetooth_recovery_e,0.1,Bluetooth/attacks/csv/train/Bluetooth_DoS_train.pcap.csv,9065,0.0005618929862976074,-0.010115563869476318,13,2,3.248522395151468,2.5
train_bluetooth_catboost_bluetooth_recovery_e,0.1,Bluetooth/attacks/csv/train/Bluetooth_DoS_train.pcap.csv,9070,0.0005618929862976074,-0.010115563869476318,13,3,16.95159506400199,11.878753662109375
train_bluetooth_catboost_bluetooth_recovery_e,0.1,Bluetooth/attacks/csv/train/Bluetooth_DoS_train.pcap.csv,9072,0.0005618929862976074,-0.010115563869476318,13,1,2.523723602294922,2.523723602294922
train_bluetooth_catboost_bluetooth_recovery_e,0.1,Bluetooth/attacks/csv/train/Bluetooth_DoS_train.pcap.csv,9119,0.0005618929862976074,-0.010115563869476318,13,3,32.69459640784951,23.106170654296875
train_bluetooth_catboost_bluetooth_recovery_e,0.1,Bluetooth/attacks/csv/train/Bluetooth_DoS_train.pcap.csv,9123,0.0005618929862976074,-0.0007652640342712402,13,2,2.799508434558481,2.6113033294677734
train_bluetooth_catboost_bluetooth_recovery_e,0.1,Bluetooth/attacks/csv/train/Bluetooth_DoS_train.pcap.csv,9152,0.0005618929862976074,-0.010115563869476318,16,3,178810.9764185295,178660.0
train_bluetooth_catboost_bluetooth_recovery_e,0.1,Bluetooth/attacks/csv/train/Bluetooth_DoS_train.pcap.csv,9158,0.0005618929862976074,-0.0007652640342712402,13,1,1.8817157745361328,1.8817157745361328
train_bluetooth_catboost_bluetooth_recovery_e,0.1,Bluetooth/attacks/csv/train/Bluetooth_DoS_train.pcap.csv,9191,0.0005618929862976074,-0.010115563869476318,13,3,233963.69038696506,233766.125
train_bluetooth_catboost_bluetooth_recovery_e,0.1,Bluetooth/attacks/csv/train/Bluetooth_DoS_train.pcap.csv,9198,0.0005618929862976074,-0.010115563869476318,13,1,2.4729366302490234,2.4729366302490234
train_bluetooth_catboost_bluetooth_recovery_e,0.1,Bluetooth/attacks/csv/train/Bluetooth_DoS_train.pcap.csv,9224,0.0005618929862976074,-0.010115563869476318,13,2,1.9148493964910969,1.4058351516723633
train_bluetooth_catboost_bluetooth_recovery_e,0.1,Bluetooth/attacks/csv/train/Bluetooth_DoS_train.pcap.csv,9235,0.0005618929862976074,-0.0007652640342712402,13,1,1.7550830841064453,1.7550830841064453
train_bluetooth_catboost_bluetooth_recovery_e,0.1,Bluetooth/attacks/csv/train/Bluetooth_DoS_train.pcap.csv,9253,0.0005618929862976074,-0.010115563869476318,13,2,1.039134979248093,1.0391349792480469
train_bluetooth_catboost_bluetooth_recovery_e,0.1,Bluetooth/attacks/csv/train/Bluetooth_DoS_train.pcap.csv,9255,0.0005618929862976074,-0.010115563869476318,13,3,22.65853778888689,16.00140380859375
train_bluetooth_catboost_bluetooth_recovery_e,0.1,Bluetooth/attacks/csv/train/Bluetooth_DoS_train.pcap.csv,9318,0.0005618929862976074,-0.010115563869476318,13,3,142487.750016536,142487.75
train_bluetooth_catboost_bluetooth_recovery_e,0.1,Bluetooth/attacks/csv/train/Bluetooth_DoS_train.pcap.csv,9340,0.0005618929862976074,-0.010115563869476318,13,2,2.172863180261607,1.9637222290039062
train_bluetooth_catboost_bluetooth_recovery_e,0.1,Bluetooth/attacks/csv/train/Bluetooth_DoS_train.pcap.csv,9353,0.0005618929862976074,-0.010115563869476318,13,1,1.972503662109375,1.972503662109375
train_bluetooth_catboost_bluetooth_recovery_e,0.1,Bluetooth/attacks/csv/train/Bluetooth_DoS_train.pcap.csv,9377,0.0005618929862976074,-0.010115563869476318,13,3,2.0776964750659306,1.5065107345581055
train_bluetooth_catboost_bluetooth_recovery_e,0.1,Bluetooth/attacks/csv/train/Bluetooth_DoS_train.pcap.csv,9423,0.0005618929862976074,-0.010115563869476318,13,4,23490.250093346567,23490.25
train_bluetooth_catboost_bluetooth_recovery_e,0.1,Bluetooth/attacks/csv/train/Bluetooth_DoS_train.pcap.csv,9424,0.0005618929862976074,-0.010115563869476318,13,2,1.6671841355137398,1.6671714782714844
train_bluetooth_catboost_bluetooth_recovery_e,0.1,Bluetooth/attacks/csv/train/Bluetooth_DoS_train.pcap.csv,9437,0.0005618929862976074,-0.0007652640342712402,13,3,1.763290718605401,1.5429058074951172
train_bluetooth_catboost_bluetooth_recovery_e,0.1,Bluetooth/attacks/csv/train/Bluetooth_DoS_train.pcap.csv,9447,0.0005618929862976074,-0.0007652640342712402,13,3,1.9588270872906826,1.5027170181274414
train_bluetooth_catboost_bluetooth_recovery_e,0.1,Bluetooth/attacks/csv/train/Bluetooth_DoS_train.pcap.csv,9455,0.0005618929862976074,-0.010115563869476318,16,3,3.4481551150677934,2.8238601684570312
train_bluetooth_catboost_bluetooth_recovery_e,0.1,Bluetooth/attacks/csv/train/Bluetooth_DoS_train.pcap.csv,9457,0.0005618929862976074,-0.010115563869476318,13,2,2.0735543134503867,2.0735511779785156
train_bluetooth_catboost_bluetooth_recovery_e,0.1,Bluetooth/attacks/csv/train/Bluetooth_DoS_train.pcap.csv,9461,0.0005618929862976074,-0.010115563869476318,13,4,39.43773865924299,27.789703369140625
train_bluetooth_catboost_bluetooth_recovery_e,0.1,Bluetooth/attacks/csv/train/Bluetooth_DoS_train.pcap.csv,9497,0.0005618929862976074,-0.0007652640342712402,13,2,2.574689419264177,2.4910335540771484
train_bluetooth_catboost_bluetooth_recovery_e,0.1,Bluetooth/attacks/csv/train/Bluetooth_DoS_train.pcap.csv,9518,0.0005618929862976074,-0.010115563869476318,13,2,2.581347662536218,1.9157886505126953
train_bluetooth_catboost_bluetooth_recovery_e,0.1,Bluetooth/attacks/csv/train/Bluetooth_DoS_train.pcap.csv,9530,0.0005618929862976074,-0.010115563869476318,13,3,32.729625662091095,23.1021728515625
train_bluetooth_catboost_bluetooth_recovery_e,0.1,Bluetooth/attacks/csv/train/Bluetooth_DoS_train.pcap.csv,9628,0.0005618929862976074,-0.010115563869476318,13,3,3.1829982261166285,2.5
train_bluetooth_catboost_bluetooth_recovery_e,0.1,Bluetooth/attacks/csv/train/Bluetooth_DoS_train.pcap.csv,9653,0.0005618929862976074,-0.0007652640342712402,13,3,8.59980477681128,8.1109619140625
train_bluetooth_catboost_bluetooth_recovery_e,0.1,Bluetooth/attacks/csv/train/Bluetooth_DoS_train.pcap.csv,9670,0.0005618929862976074,-0.010115563869476318,13,2,2.081018809062328,1.7203216552734375
train_bluetooth_catboost_bluetooth_recovery_e,0.1,Bluetooth/attacks/csv/train/Bluetooth_DoS_train.pcap.csv,9691,0.0005618929862976074,-0.010115563869476318,13,3,2.9107268522732848,2.8591156005859375
train_bluetooth_catboost_bluetooth_recovery_e,0.1,Bluetooth/attacks/csv/train/Bluetooth_DoS_train.pcap.csv,9695,0.0005618929862976074,-0.010115563869476318,13,1,2.100940704345703,2.100940704345703
train_bluetooth_catboost_bluetooth_recovery_e,0.1,Bluetooth/attacks/csv/train/Bluetooth_DoS_train.pcap.csv,9699,0.0005618929862976074,-0.010115563869476318,13,3,3.0091629164855385,2.75
train_bluetooth_catboost_bluetooth_recovery_e,0.1,Bluetooth/attacks/csv/train/Bluetooth_DoS_train.pcap.csv,9707,0.0005618929862976074,-0.010115563869476318,13,2,1.6808006989458604,1.2713537216186523
train_bluetooth_catboost_bluetooth_recovery_e,0.1,Bluetooth/attacks/csv/train/Bluetooth_DoS_train.pcap.csv,9775,0.0005618929862976074,-0.0007652640342712402,13,5,23275.774107920028,23275.75
train_bluetooth_catboost_bluetooth_recovery_e,0.1,Bluetooth/attacks/csv/train/Bluetooth_DoS_train.pcap.csv,9776,0.0005618929862976074,-0.010115563869476318,13,1,1.5987014770507812,1.5987014770507812
train_bluetooth_catboost_bluetooth_recovery_e,0.1,Bluetooth/attacks/csv/train/Bluetooth_DoS_train.pcap.csv,9806,0.0005618929862976074,-0.0007652640342712402,13,1,1.2469329833984375,1.2469329833984375
train_bluetooth_catboost_bluetooth_recovery_e,0.1,Bluetooth/attacks/csv/train/Bluetooth_DoS_train.pcap.csv,9832,0.0005618929862976074,-0.010115563869476318,13,2,11.247733818497752,11.2017822265625
train_bluetooth_catboost_bluetooth_recovery_e,0.1,Bluetooth/attacks/csv/train/Bluetooth_DoS_train.pcap.csv,9835,0.0005618929862976074,-0.010115563869476318,13,3,310173.121957371,309910.75
train_bluetooth_catboost_bluetooth_recovery_e,0.1,Bluetooth/attacks/csv/train/Bluetooth_DoS_train.pcap.csv,9856,0.0005618929862976074,-0.010115563869476318,13,2,2.520247508247638,2.224609375
train_bluetooth_catboost_bluetooth_recovery_e,0.1,Bluetooth/attacks/csv/train/Bluetooth_DoS_train.pcap.csv,9913,0.0005618929862976074,-0.0007652640342712402,13,4,145531.75003481,145531.75
train_bluetooth_catboost_bluetooth_recovery_e,0.1,Bluetooth/attacks/csv/train/Bluetooth_DoS_train.pcap.csv,9945,0.0005618929862976074,-0.010115563869476318,13,4,15.3813386150132,10.8175048828125
train_bluetooth_catboost_bluetooth_recovery_e,0.1,Bluetooth/attacks/csv/train/Bluetooth_DoS_train.pcap.csv,9952,0.0005618929862976074,-0.010115563869476318,13,2,1.5916328430392037,1.5916328430175781
train_bluetooth_catboost_bluetooth_recovery_e,0.1,Bluetooth/attacks/csv/train/Bluetooth_DoS_train.pcap.csv,9965,0.0005618929862976074,-0.010115563869476318,13,1,2.0840702056884766,2.0840702056884766
train_bluetooth_catboost_bluetooth_recovery_e,0.1,Bluetooth/attacks/csv/train/Bluetooth_DoS_train.pcap.csv,9976,0.0005618929862976074,-0.010115563869476318,13,2,2.6826542618124245,2.6825504302978516
train_bluetooth_catboost_bluetooth_recovery_e,0.1,Bluetooth/attacks/csv/train/Bluetooth_DoS_train.pcap.csv,9999,0.0005618929862976074,-0.0007652640342712402,13,1,2.776439666748047,2.776439666748047
train_bluetooth_catboost_bluetooth_recovery_e,0.1,Bluetooth/attacks/csv/train/Bluetooth_DoS_train.pcap.csv,10020,0.0005618929862976074,-0.010115563869476318,13,3,26.85482732500577,18.95147705078125
train_bluetooth_catboost_bluetooth_recovery_e,0.1,Bluetooth/attacks/csv/train/Bluetooth_DoS_train.pcap.csv,10035,0.0005618929862976074,-0.010115563869476318,13,3,258725.96097571918,258507.0
train_bluetooth_catboost_bluetooth_recovery_e,0.1,Bluetooth/attacks/csv/train/Bluetooth_DoS_train.pcap.csv,10046,0.0005618929862976074,-0.010115563869476318,13,4,154255.2500244287,154255.25
train_bluetooth_catboost_bluetooth_recovery_e,0.1,Bluetooth/attacks/csv/train/Bluetooth_DoS_train.pcap.csv,10056,0.0005618929862976074,-0.010115563869476318,13,3,23107.500092300852,23107.5
train_bluetooth_catboost_bluetooth_recovery_e,0.1,Bluetooth/attacks/csv/train/Bluetooth_DoS_train.pcap.csv,10062,0.0005618929862976074,-0.010115563869476318,13,4,23.09044916791313,16.194244384765625
train_bluetooth_catboost_bluetooth_recovery_e,0.1,Bluetooth/attacks/csv/train/Bluetooth_DoS_train.pcap.csv,10075,0.0005618929862976074,-0.010115563869476318,13,2,1.8267621225203792,1.3944005966186523
train_bluetooth_catboost_bluetooth_recovery_e,0.1,Bluetooth/attacks/csv/train/Bluetooth_DoS_train.pcap.csv,10077,0.0005618929862976074,-0.010115563869476318,16,3,31.7509853116322,22.4326171875
train_bluetooth_catboost_bluetooth_recovery_e,0.1,Bluetooth/attacks/csv/train/Bluetooth_DoS_train.pcap.csv,10097,0.0005618929862976074,-0.0007652640342712402,13,2,2.489555633778698,2.0648155212402344
train_bluetooth_catboost_bluetooth_recovery_e,0.1,Bluetooth/attacks/csv/train/Bluetooth_DoS_train.pcap.csv,10104,0.0005618929862976074,-0.010115563869476318,13,1,2.585916519165039,2.585916519165039
train_bluetooth_catboost_bluetooth_recovery_e,0.1,Bluetooth/attacks/csv/train/Bluetooth_DoS_train.pcap.csv,10112,0.0005618929862976074,-0.010115563869476318,13,1,2.4014816284179688,2.4014816284179688
train_bluetooth_catboost_bluetooth_recovery_e,0.1,Bluetooth/attacks/csv/train/Bluetooth_DoS_train.pcap.csv,10128,0.0005618929862976074,-0.0007652640342712402,13,2,3.3162197174291523,3.0
train_bluetooth_catboost_bluetooth_recovery_e,0.1,Bluetooth/attacks/csv/train/Bluetooth_DoS_train.pcap.csv,10164,0.0005618929862976074,-0.0007652640342712402,13,2,2.4037330940895445,2.4037303924560547
train_bluetooth_catboost_bluetooth_recovery_e,0.1,Bluetooth/attacks/csv/train/Bluetooth_DoS_train.pcap.csv,10167,0.0005618929862976074,-0.010115563869476318,13,4,36.64380001252456,25.876983642578125
train_bluetooth_catboost_bluetooth_recovery_e,0.1,Bluetooth/attacks/csv/train/Bluetooth_DoS_train.pcap.csv,10206,0.0005618929862976074,-0.0007652640342712402,13,2,1.8351429139351214,1.8351383209228516
train_bluetooth_catboost_bluetooth_recovery_e,0.1,Bluetooth/attacks/csv/train/Bluetooth_DoS_train.pcap.csv,10272,0.0005618929862976074,-0.010115563869476318,13,2,1.0961286490985334,1.0960617065429688
train_bluetooth_catboost_bluetooth_recovery_e,0.1,Bluetooth/attacks/csv/train/Bluetooth_DoS_train.pcap.csv,10287,0.0005618929862976074,-0.010115563869476318,13,3,1.7232855870839183,1.280853271484375
train_bluetooth_catboost_bluetooth_recovery_e,0.1,Bluetooth/attacks/csv/train/Bluetooth_DoS_train.pcap.csv,10337,0.0005618929862976074,-0.010115563869476318,13,2,3.4103650467782844,2.75
train_bluetooth_catboost_bluetooth_recovery_e,0.1,Bluetooth/attacks/csv/train/Bluetooth_DoS_train.pcap.csv,10339,0.0005618929862976074,-0.0007652640342712402,13,3,37.72529478188491,26.64434814453125
train_bluetooth_catboost_bluetooth_recovery_e,0.1,Bluetooth/attacks/csv/train/Bluetooth_DoS_train.pcap.csv,10374,0.0005618929862976074,-0.010115563869476318,13,2,2.258787709644032,2.2587623596191406
train_bluetooth_catboost_bluetooth_recovery_e,0.1,Bluetooth/attacks/csv/train/Bluetooth_DoS_train.pcap.csv,10460,0.0005618929862976074,-0.010115563869476318,13,3,2.983907819579184,2.75
train_bluetooth_catboost_bluetooth_recovery_e,0.1,Bluetooth/attacks/csv/train/Bluetooth_DoS_train.pcap.csv,10474,0.0005618929862976074,-0.010115563869476318,13,3,296332.7842130739,296081.75
train_bluetooth_catboost_bluetooth_recovery_e,0.1,Bluetooth/attacks/csv/train/Bluetooth_DoS_train.pcap.csv,10482,0.0005618929862976074,-0.010115563869476318,13,1,1.3291339874267578,1.3291339874267578
train_bluetooth_catboost_bluetooth_recovery_e,0.1,Bluetooth/attacks/csv/train/Bluetooth_DoS_train.pcap.csv,10489,0.0005618929862976074,-0.0007652640342712402,13,1,1.2379398345947266,1.2379398345947266
train_bluetooth_catboost_bluetooth_recovery_e,0.1,Bluetooth/attacks/csv/train/Bluetooth_DoS_train.pcap.csv,10492,0.0005618929862976074,-0.010115563869476318,13,2,2.2183759732197483,1.7760543823242188
train_bluetooth_catboost_bluetooth_recovery_e,0.1,Bluetooth/attacks/csv/train/Bluetooth_DoS_train.pcap.csv,10508,0.0005618929862976074,-0.010115563869476318,13,4,441721.2258527308,441347.0
train_bluetooth_catboost_bluetooth_recovery_e,0.1,Bluetooth/attacks/csv/train/Bluetooth_DoS_train.pcap.csv,10512,0.0005618929862976074,-0.010115563869476318,13,1,1.8865184783935547,1.8865184783935547
train_bluetooth_catboost_bluetooth_recovery_e,0.1,Bluetooth/attacks/csv/train/Bluetooth_DoS_train.pcap.csv,10520,0.0005618929862976074,-0.010115563869476318,13,2,4.068537657186752,3.0
train_bluetooth_catboost_bluetooth_recovery_e,0.1,Bluetooth/attacks/csv/train/Bluetooth_DoS_train.pcap.csv,10536,0.0005618929862976074,-0.010115563869476318,13,3,3.4089272537130535,2.75
train_bluetooth_catboost_bluetooth_recovery_e,0.1,Bluetooth/attacks/csv/train/Bluetooth_DoS_train.pcap.csv,10604,0.0005618929862976074,-0.010115563869476318,13,4,29.52968601665011,20.794464111328125
train_bluetooth_catboost_bluetooth_recovery_e,0.1,Bluetooth/attacks/csv/train/Bluetooth_DoS_train.pcap.csv,10610,0.0005618929862976074,-0.010115563869476318,13,3,19.416330041613524,13.605072021484375
train_bluetooth_catboost_bluetooth_recovery_e,0.1,Bluetooth/attacks/csv/train/Bluetooth_DoS_train.pcap.csv,10615,0.0005618929862976074,-0.010115563869476318,13,1,2.6732540130615234,2.6732540130615234
train_bluetooth_catboost_bluetooth_recovery_e,0.1,Bluetooth/attacks/csv/train/Bluetooth_DoS_train.pcap.csv,10618,0.0005618929862976074,-0.010115563869476318,13,4,22762.250086030563,22762.25
train_bluetooth_catboost_bluetooth_recovery_e,0.1,Bluetooth/attacks/csv/train/Bluetooth_DoS_train.pcap.csv,10625,0.0005618929862976074,-0.010115563869476318,13,3,2.728002241025039,2.087003707885742
train_bluetooth_catboost_bluetooth_recovery_e,0.1,Bluetooth/attacks/csv/train/Bluetooth_DoS_train.pcap.csv,10636,0.0005618929862976074,-0.0007652640342712402,13,1,1.4091320037841797,1.4091320037841797
train_bluetooth_catboost_bluetooth_recovery_e,0.1,Bluetooth/attacks/csv/train/Bluetooth_DoS_train.pcap.csv,10641,0.0005618929862976074,-0.010115563869476318,13,3,22.27578491741574,15.676605224609375
train_bluetooth_catboost_bluetooth_recovery_e,0.1,Bluetooth/attacks/csv/train/Bluetooth_DoS_train.pcap.csv,10654,0.0005618929862976074,-0.010115563869476318,13,1,1.2922286987304688,1.2922286987304688
train_bluetooth_catboost_bluetooth_recovery_e,0.1,Bluetooth/attacks/csv/train/Bluetooth_DoS_train.pcap.csv,10683,0.0005618929862976074,-0.010115563869476318,13,1,2.0954360961914062,2.0954360961914062
train_bluetooth_catboost_bluetooth_recovery_e,0.1,Bluetooth/attacks/csv/train/Bluetooth_DoS_train.pcap.csv,10730,0.0005618929862976074,-0.010115563869476318,13,2,2.5408041021913683,2.5407943725585938
train_bluetooth_catboost_bluetooth_recovery_e,0.1,Bluetooth/attacks/csv/train/Bluetooth_DoS_train.pcap.csv,10737,0.0005618929862976074,-0.010115563869476318,13,2,2.288224939178168,1.8877887725830078
train_bluetooth_catboost_bluetooth_recovery_e,0.1,Bluetooth/attacks/csv/train/Bluetooth_DoS_train.pcap.csv,10742,0.0005618929862976074,-0.010115563869476318,13,3,4.077651857736586,3.0
train_bluetooth_catboost_bluetooth_recovery_e,0.1,Bluetooth/attacks/csv/train/Bluetooth_DoS_train.pcap.csv,10753,0.0005618929862976074,-0.010115563869476318,13,3,36.06034976992425,25.470001220703125
train_bluetooth_catboost_bluetooth_recovery_e,0.1,Bluetooth/attacks/csv/train/Bluetooth_DoS_train.pcap.csv,10771,0.0005618929862976074,-0.0007652640342712402,13,1,1.6433982849121094,1.6433982849121094
train_bluetooth_catboost_bluetooth_recovery_e,0.1,Bluetooth/attacks/csv/train/Bluetooth_DoS_train.pcap.csv,10805,0.0005618929862976074,-0.010115563869476318,13,1,2.268381118774414,2.268381118774414
train_bluetooth_catboost_bluetooth_recovery_e,0.1,Bluetooth/attacks/csv/train/Bluetooth_DoS_train.pcap.csv,10816,0.0005618929862976074,-0.0007652640342712402,13,1,1.9814472198486328,1.9814472198486328
train_bluetooth_catboost_bluetooth_recovery_e,0.1,Bluetooth/attacks/csv/train/Bluetooth_DoS_train.pcap.csv,10830,0.0005618929862976074,-0.010115563869476318,13,1,2.602567672729492,2.602567672729492
train_bluetooth_catboost_bluetooth_recovery_e,0.1,Bluetooth/attacks/csv/train/Bluetooth_DoS_train.pcap.csv,10835,0.0005618929862976074,-0.010115563869476318,13,2,2.8407690093354385,2.8407516479492188
train_bluetooth_catboost_bluetooth_recovery_e,0.1,Bluetooth/attacks/csv/train/Bluetooth_DoS_train.pcap.csv,10855,0.0005618929862976074,-0.010115563869476318,13,1,2.7674388885498047,2.7674388885498047
train_bluetooth_catboost_bluetooth_recovery_e,0.1,Bluetooth/attacks/csv/train/Bluetooth_DoS_train.pcap.csv,10868,0.0005618929862976074,-0.010115563869476318,13,1,1.289724349975586,1.289724349975586
train_bluetooth_catboost_bluetooth_recovery_e,0.1,Bluetooth/attacks/csv/train/Bluetooth_DoS_train.pcap.csv,10871,0.0005618929862976074,-0.0007652640342712402,13,2,1.9241012341342791,1.8317413330078125
train_bluetooth_catboost_bluetooth_recovery_e,0.1,Bluetooth/attacks/csv/train/Bluetooth_DoS_train.pcap.csv,10877,0.0005618929862976074,-0.010115563869476318,13,1,1.9374980926513672,1.9374980926513672
train_bluetooth_catboost_bluetooth_recovery_e,0.1,Bluetooth/attacks/csv/train/Bluetooth_DoS_train.pcap.csv,10902,0.0005618929862976074,-0.010115563869476318,13,4,22589.000043259217,22589.0
train_bluetooth_catboost_bluetooth_recovery_e,0.1,Bluetooth/attacks/csv/train/Bluetooth_DoS_train.pcap.csv,10927,0.0005618929862976074,-0.010115563869476318,13,3,3.0970489329277493,1.8595552444458008
train_bluetooth_catboost_bluetooth_recovery_e,0.1,Bluetooth/attacks/csv/train/Bluetooth_DoS_train.pcap.csv,11000,0.0005618929862976074,-0.010115563869476318,13,2,1.8298727823174523,1.389726161956787
train_bluetooth_catboost_bluetooth_recovery_e,0.1,Bluetooth/attacks/csv/train/Bluetooth_DoS_train.pcap.csv,11013,0.0005618929862976074,-0.0007652640342712402,13,3,2.5677323215553263,1.8565025329589844
train_bluetooth_catboost_bluetooth_recovery_e,0.1,Bluetooth/attacks/csv/train/Bluetooth_DoS_train.pcap.csv,11055,0.0005618929862976074,-0.010115563869476318,13,2,2.711744117902493,2.7103614807128906
train_bluetooth_catboost_bluetooth_recovery_e,0.1,Bluetooth/attacks/csv/train/Bluetooth_DoS_train.pcap.csv,11059,0.0005618929862976074,-0.010115563869476318,16,1,1.0516986846923828,1.0516986846923828
train_bluetooth_catboost_bluetooth_recovery_e,0.1,Bluetooth/attacks/csv/train/Bluetooth_DoS_train.pcap.csv,11071,0.0005618929862976074,-0.010115563869476318,13,3,9.388668262780953,9.198959350585938
train_bluetooth_catboost_bluetooth_recovery_e,0.1,Bluetooth/attacks/csv/train/Bluetooth_DoS_train.pcap.csv,11088,0.0005618929862976074,-0.010115563869476318,13,2,1.890581130987045,1.8905811309814453
train_bluetooth_catboost_bluetooth_recovery_e,0.1,Bluetooth/attacks/csv/train/Bluetooth_DoS_train.pcap.csv,11181,0.0005618929862976074,-0.010115563869476318,13,1,1.4959754943847656,1.4959754943847656
train_bluetooth_catboost_bluetooth_recovery_e,0.1,Bluetooth/attacks/csv/train/Bluetooth_DoS_train.pcap.csv,11208,0.0005618929862976074,-0.010115563869476318,13,3,28.694363874288687,20.228485107421875
train_bluetooth_catboost_bluetooth_recovery_e,0.1,Bluetooth/attacks/csv/train/Bluetooth_DoS_train.pcap.csv,11216,0.0005618929862976074,-0.010115563869476318,13,4,22397.750058386468,22397.75
train_bluetooth_catboost_bluetooth_recovery_e,0.1,Bluetooth/attacks/csv/train/Bluetooth_DoS_train.pcap.csv,11232,0.0005618929862976074,-0.010115563869476318,13,1,1.9789695739746094,1.9789695739746094
train_bluetooth_catboost_bluetooth_recovery_e,0.1,Bluetooth/attacks/csv/train/Bluetooth_DoS_train.pcap.csv,11262,0.0005618929862976074,-0.010115563869476318,13,2,3.205526236590237,3.0
train_bluetooth_catboost_bluetooth_recovery_e,0.1,Bluetooth/attacks/csv/train/Bluetooth_DoS_train.pcap.csv,11305,0.0005618929862976074,-0.010115563869476318,13,4,18.08356017473913,12.72650146484375
train_bluetooth_catboost_bluetooth_recovery_e,0.1,Bluetooth/attacks/csv/train/Bluetooth_DoS_train.pcap.csv,11340,0.0005618929862976074,-0.010115563869476318,13,1,2.1837730407714844,2.1837730407714844
train_bluetooth_catboost_bluetooth_recovery_e,0.1,Bluetooth/attacks/csv/train/Bluetooth_DoS_train.pcap.csv,11369,0.0005618929862976074,-0.010115563869476318,16,3,1.6899283489925463,1.6648426055908203
train_bluetooth_catboost_bluetooth_recovery_e,0.1,Bluetooth/attacks/csv/train/Bluetooth_DoS_train.pcap.csv,11381,0.0005618929862976074,-0.010115563869476318,13,3,3.0876945973495658,2.8118133544921875
train_bluetooth_catboost_bluetooth_recovery_e,0.1,Bluetooth/attacks/csv/train/Bluetooth_DoS_train.pcap.csv,11384,0.0005618929862976074,-0.010115563869476318,13,3,3.667722587278041,3.0
train_bluetooth_catboost_bluetooth_recovery_e,0.1,Bluetooth/attacks/csv/train/Bluetooth_DoS_train.pcap.csv,11387,0.0005618929862976074,-0.010115563869476318,13,2,2.7281134032417387,2.7280406951904297
train_bluetooth_catboost_bluetooth_recovery_e,0.1,Bluetooth/attacks/csv/train/Bluetooth_DoS_train.pcap.csv,11421,0.0005618929862976074,-0.0007652640342712402,13,3,17.29948506566238,12.091278076171875
train_bluetooth_catboost_bluetooth_recovery_e,0.1,Bluetooth/attacks/csv/train/Bluetooth_DoS_train.pcap.csv,11429,0.0005618929862976074,-0.010115563869476318,13,2,1.7700160858675318,1.2704863548278809
train_bluetooth_catboost_bluetooth_recovery_e,0.1,Bluetooth/attacks/csv/train/Bluetooth_DoS_train.pcap.csv,11447,0.0005618929862976074,-0.010115563869476318,13,2,1.892442230942184,1.8923664093017578
train_bluetooth_catboost_bluetooth_recovery_e,0.1,Bluetooth/attacks/csv/train/Bluetooth_DoS_train.pcap.csv,11460,0.0005618929862976074,-0.0007652640342712402,13,1,1.384775161743164,1.384775161743164
train_bluetooth_catboost_bluetooth_recovery_e,0.1,Bluetooth/attacks/csv/train/Bluetooth_DoS_train.pcap.csv,11479,0.0005618929862976074,-0.010115563869476318,13,3,3.704268099730011,3.0
train_bluetooth_catboost_bluetooth_recovery_e,0.1,Bluetooth/attacks/csv/train/Bluetooth_DoS_train.pcap.csv,11481,0.0005618929862976074,-0.010115563869476318,13,4,22236.250170928077,22236.25
train_bluetooth_catboost_bluetooth_recovery_e,0.1,Bluetooth/attacks/csv/train/Bluetooth_DoS_train.pcap.csv,11484,0.0005618929862976074,-0.0007652640342712402,13,3,35.22393997176746,24.85418701171875
train_bluetooth_catboost_bluetooth_recovery_e,0.1,Bluetooth/attacks/csv/train/Bluetooth_DoS_train.pcap.csv,11488,0.0005618929862976074,-0.010115563869476318,13,3,22232.00006597163,22232.0
train_bluetooth_catboost_bluetooth_recovery_e,0.1,Bluetooth/attacks/csv/train/Bluetooth_DoS_train.pcap.csv,11524,0.0005618929862976074,-0.0007652640342712402,13,3,299450.2068858954,299196.0
train_bluetooth_catboost_bluetooth_recovery_e,0.1,Bluetooth/attacks/csv/train/Bluetooth_DoS_train.pcap.csv,11550,0.0005618929862976074,-0.010115563869476318,13,1,1.6054553985595703,1.6054553985595703
train_bluetooth_catboost_bluetooth_recovery_e,0.1,Bluetooth/attacks/csv/train/Bluetooth_DoS_train.pcap.csv,11581,0.0005618929862976074,-0.010115563869476318,13,3,392602.3188851092,392269.0
train_bluetooth_catboost_bluetooth_recovery_e,0.1,Bluetooth/attacks/csv/train/Bluetooth_DoS_train.pcap.csv,11615,0.0005618929862976074,-0.0007652640342712402,13,1,1.6162738800048828,1.6162738800048828
train_bluetooth_catboost_bluetooth_recovery_e,0.1,Bluetooth/attacks/csv/train/Bluetooth_DoS_train.pcap.csv,11640,0.0005618929862976074,-0.010115563869476318,13,2,2.143123249628281,2.143035888671875
train_bluetooth_catboost_bluetooth_recovery_e,0.1,Bluetooth/attacks/csv/train/Bluetooth_DoS_train.pcap.csv,11690,0.0005618929862976074,-0.010115563869476318,13,2,4.0825290669857655,3.25
train_bluetooth_catboost_bluetooth_recovery_e,0.1,Bluetooth/attacks/csv/train/Bluetooth_DoS_train.pcap.csv,11715,0.0005618929862976074,-0.010115563869476318,16,4,242684.58829618155,242478.5
train_bluetooth_catboost_bluetooth_recovery_e,0.1,Bluetooth/attacks/csv/train/Bluetooth_DoS_train.pcap.csv,11761,0.0005618929862976074,-0.010115563869476318,13,1,1.8246135711669922,1.8246135711669922
train_bluetooth_catboost_bluetooth_recovery_e,0.1,Bluetooth/attacks/csv/train/Bluetooth_DoS_train.pcap.csv,11764,0.0005618929862976074,-0.0007652640342712402,13,4,389656.7124128971,389094.25
train_bluetooth_catboost_bluetooth_recovery_e,0.1,Bluetooth/attacks/csv/train/Bluetooth_DoS_train.pcap.csv,11817,0.0005618929862976074,-0.010115563869476318,13,3,180657.50002711295,180657.5
train_bluetooth_catboost_bluetooth_recovery_e,0.1,Bluetooth/attacks/csv/train/Bluetooth_DoS_train.pcap.csv,11818,0.0005618929862976074,-0.0007652640342712402,13,2,1.4995650414340904,1.0888843536376953
train_bluetooth_catboost_bluetooth_recovery_e,0.1,Bluetooth/attacks/csv/train/Bluetooth_DoS_train.pcap.csv,11843,0.0005618929862976074,-0.010115563869476318,13,4,549347.3653000989,548880.75
train_bluetooth_catboost_bluetooth_recovery_e,0.1,Bluetooth/attacks/csv/train/Bluetooth_DoS_train.pcap.csv,11851,0.0005618929862976074,-0.010115563869476318,13,2,1.1491088867313832,1.14910888671875
train_bluetooth_catboost_bluetooth_recovery_e,0.1,Bluetooth/attacks/csv/train/Bluetooth_DoS_train.pcap.csv,11856,0.0005618929862976074,-0.010115563869476318,13,2,1.6439308260566545,1.2262630462646484
train_bluetooth_catboost_bluetooth_recovery_e,0.1,Bluetooth/attacks/csv/train/Bluetooth_DoS_train.pcap.csv,11886,0.0005618929862976074,-0.010115563869476318,13,2,2.3163113018911945,2.1117019653320312
train_bluetooth_catboost_bluetooth_recovery_e,0.1,Bluetooth/attacks/csv/train/Bluetooth_DoS_train.pcap.csv,11895,0.0005618929862976074,-0.010115563869476318,13,4,40.397709659291735,28.546173095703125
train_bluetooth_catboost_bluetooth_recovery_e,0.1,Bluetooth/attacks/csv/train/Bluetooth_DoS_train.pcap.csv,11929,0.0005618929862976074,-0.010115563869476318,13,1,1.3226299285888672,1.3226299285888672
train_bluetooth_catboost_bluetooth_recovery_e,0.1,Bluetooth/attacks/csv/train/Bluetooth_DoS_train.pcap.csv,11932,0.0005618929862976074,-0.010115563869476318,13,4,193810.25002122152,193810.25
train_bluetooth_catboost_bluetooth_recovery_e,0.1,Bluetooth/attacks/csv/train/Bluetooth_DoS_train.pcap.csv,11933,0.0005618929862976074,-0.010115563869476318,13,1,1.8013839721679688,1.8013839721679688
train_bluetooth_catboost_bluetooth_recovery_e,0.1,Bluetooth/attacks/csv/train/Bluetooth_DoS_train.pcap.csv,11966,0.0005618929862976074,-0.010115563869476318,13,2,5.5478155188320475,5.36614990234375
train_bluetooth_catboost_bluetooth_recovery_e,0.1,Bluetooth/attacks/csv/train/Bluetooth_DoS_train.pcap.csv,11971,0.0005618929862976074,-0.010115563869476318,13,3,11.319845700550482,11.045822143554688
train_bluetooth_catboost_bluetooth_recovery_e,0.1,Bluetooth/attacks/csv/train/Bluetooth_DoS_train.pcap.csv,11975,0.0005618929862976074,-0.010115563869476318,13,1,2.215595245361328,2.215595245361328
train_bluetooth_catboost_bluetooth_recovery_e,0.1,Bluetooth/attacks/csv/train/Bluetooth_DoS_train.pcap.csv,11984,0.0005618929862976074,-0.0007652640342712402,13,3,21929.75006162647,21929.75
train_bluetooth_catboost_bluetooth_recovery_e,0.1,Bluetooth/attacks/csv/train/Bluetooth_DoS_train.pcap.csv,11997,0.0005618929862976074,-0.010115563869476318,13,2,2.0310216037478495,1.5512819290161133
train_bluetooth_catboost_bluetooth_recovery_e,0.1,Bluetooth/attacks/csv/train/Bluetooth_DoS_train.pcap.csv,12013,0.0005618929862976074,-0.010115563869476318,13,2,2.8504219842477396,2.6178150177001953
train_bluetooth_catboost_bluetooth_recovery_e,0.1,Bluetooth/attacks/csv/train/Bluetooth_DoS_train.pcap.csv,12015,0.0005618929862976074,-0.010115563869476318,13,1,1.6203632354736328,1.6203632354736328
train_bluetooth_catboost_bluetooth_recovery_e,0.1,Bluetooth/attacks/csv/train/Bluetooth_DoS_train.pcap.csv,12041,0.0005618929862976074,-0.010115563869476318,13,1,2.078664779663086,2.078664779663086
train_bluetooth_catboost_bluetooth_recovery_e,0.1,Bluetooth/attacks/csv/train/Bluetooth_DoS_train.pcap.csv,12049,0.0005618929862976074,-0.0007652640342712402,13,1,1.057769775390625,1.057769775390625
train_bluetooth_catboost_bluetooth_recovery_e,0.1,Bluetooth/attacks/csv/train/Bluetooth_DoS_train.pcap.csv,12050,0.0005618929862976074,-0.010115563869476318,13,3,3.6525577848113087,3.25
train_bluetooth_catboost_bluetooth_recovery_e,0.1,Bluetooth/attacks/csv/train/Bluetooth_DoS_train.pcap.csv,12051,0.0005618929862976074,-0.010115563869476318,13,2,4.1335900774960885,3.0
train_bluetooth_catboost_bluetooth_recovery_e,0.1,Bluetooth/attacks/csv/train/Bluetooth_DoS_train.pcap.csv,12081,0.0005618929862976074,-0.010115563869476318,13,1,2.303457260131836,2.303457260131836
train_bluetooth_catboost_bluetooth_recovery_e,0.1,Bluetooth/attacks/csv/train/Bluetooth_DoS_train.pcap.csv,12086,0.0005618929862976074,-0.010115563869476318,13,1,2.3212890625,2.3212890625
train_bluetooth_catboost_bluetooth_recovery_e,0.1,Bluetooth/attacks/csv/train/Bluetooth_DoS_train.pcap.csv,12106,0.0005618929862976074,-0.010115563869476318,13,3,1.0804043394801757,1.0802421569824219
train_bluetooth_catboost_bluetooth_recovery_e,0.1,Bluetooth/attacks/csv/train/Bluetooth_DoS_train.pcap.csv,12114,0.0005618929862976074,-0.0007652640342712402,13,3,2.2371563667255527,1.9387588500976562
train_bluetooth_catboost_bluetooth_recovery_e,0.1,Bluetooth/attacks/csv/train/Bluetooth_DoS_train.pcap.csv,12122,0.0005618929862976074,-0.010115563869476318,13,3,9.354440211383558,8.543594360351562
train_bluetooth_catboost_bluetooth_recovery_e,0.1,Bluetooth/attacks/csv/train/Bluetooth_DoS_train.pcap.csv,12128,0.0005618929862976074,-0.010115563869476318,13,4,42.91506253878598,30.043548583984375
train_bluetooth_catboost_bluetooth_recovery_e,0.1,Bluetooth/attacks/csv/train/Bluetooth_DoS_train.pcap.csv,12162,0.0005618929862976074,-0.010115563869476318,13,2,2.1767455377383786,2.1767425537109375
train_bluetooth_catboost_bluetooth_recovery_e,0.1,Bluetooth/attacks/csv/train/Bluetooth_DoS_train.pcap.csv,12178,0.0005618929862976074,-0.010115563869476318,13,5,114202.75235010986,114202.75
train_bluetooth_catboost_bluetooth_recovery_e,0.1,Bluetooth/attacks/csv/train/Bluetooth_DoS_train.pcap.csv,12180,0.0005618929862976074,-0.010115563869476318,13,3,35.08786692847142,24.730926513671875
train_bluetooth_catboost_bluetooth_recovery_e,0.1,Bluetooth/attacks/csv/train/Bluetooth_DoS_train.pcap.csv,12209,0.0005618929862976074,-0.010115563869476318,13,1,2.1080360412597656,2.1080360412597656
train_bluetooth_catboost_bluetooth_recovery_e,0.1,Bluetooth/attacks/csv/train/Bluetooth_DoS_train.pcap.csv,12256,0.0005618929862976074,-0.010115563869476318,13,4,21764.000139511263,21764.0
train_bluetooth_catboost_bluetooth_recovery_e,0.1,Bluetooth/attacks/csv/train/Bluetooth_DoS_train.pcap.csv,12267,0.0005618929862976074,-0.010115563869476318,13,3,428942.3450724902,428577.75
train_bluetooth_catboost_bluetooth_recovery_e,0.1,Bluetooth/attacks/csv/train/Bluetooth_DoS_train.pcap.csv,12280,0.0005618929862976074,-0.010115563869476318,13,3,8.913702400749191,8.826583862304688
train_bluetooth_catboost_bluetooth_recovery_e,0.1,Bluetooth/attacks/csv/train/Bluetooth_DoS_train.pcap.csv,12282,0.0005618929862976074,-0.0007652640342712402,13,2,12.386646512592522,12.280410766601562
train_bluetooth_catboost_bluetooth_recovery_e,0.1,Bluetooth/attacks/csv/train/Bluetooth_DoS_train.pcap.csv,12318,0.0005618929862976074,-0.010115563869476318,13,2,2.8781881161009757,2.8245849609375
train_bluetooth_catboost_bluetooth_recovery_e,0.1,Bluetooth/attacks/csv/train/Bluetooth_DoS_train.pcap.csv,12330,0.0005618929862976074,-0.0007652640342712402,13,1,2.5961971282958984,2.5961971282958984
train_bluetooth_catboost_bluetooth_recovery_e,0.1,Bluetooth/attacks/csv/train/Bluetooth_DoS_train.pcap.csv,12332,0.0005618929862976074,-0.010115563869476318,13,1,1.6195201873779297,1.6195201873779297
train_bluetooth_catboost_bluetooth_recovery_e,0.1,Bluetooth/attacks/csv/train/Bluetooth_DoS_train.pcap.csv,12376,0.0005618929862976074,-0.010115563869476318,13,1,1.0529403686523438,1.0529403686523438
train_bluetooth_catboost_bluetooth_recovery_e,0.1,Bluetooth/attacks/csv/train/Bluetooth_DoS_train.pcap.csv,12398,0.0005618929862976074,-0.010115563869476318,13,2,1.9758127593989019,1.7742252349853516
train_bluetooth_catboost_bluetooth_recovery_e,0.1,Bluetooth/attacks/csv/train/Bluetooth_DoS_train.pcap.csv,12407,0.0005618929862976074,-0.010115563869476318,13,4,412459.41273299785,412108.75
train_bluetooth_catboost_bluetooth_recovery_e,0.1,Bluetooth/attacks/csv/train/Bluetooth_DoS_train.pcap.csv,12413,0.0005618929862976074,-0.0007652640342712402,16,3,8.853593759163308,8.390213012695312
train_bluetooth_catboost_bluetooth_recovery_e,0.1,Bluetooth/attacks/csv/train/Bluetooth_DoS_train.pcap.csv,12424,0.0005618929862976074,-0.010115563869476318,13,3,6.710474062199199,6.2859649658203125
train_bluetooth_catboost_bluetooth_recovery_e,0.1,Bluetooth/attacks/csv/train/Bluetooth_DoS_train.pcap.csv,12454,0.0005618929862976074,-0.010115563869476318,13,1,1.088775634765625,1.088775634765625
train_bluetooth_catboost_bluetooth_recovery_e,0.1,Bluetooth/attacks/csv/train/Bluetooth_DoS_train.pcap.csv,12457,0.0005618929862976074,-0.010115563869476318,13,2,1.645259916223362,1.4924468994140625
train_bluetooth_catboost_bluetooth_recovery_e,0.1,Bluetooth/attacks/csv/train/Bluetooth_DoS_train.pcap.csv,12471,0.0005618929862976074,-0.0007652640342712402,13,1,2.4004573822021484,2.4004573822021484
train_bluetooth_catboost_bluetooth_recovery_e,0.1,Bluetooth/attacks/csv/train/Bluetooth_DoS_train.pcap.csv,12478,0.0005618929862976074,-0.0007652640342712402,13,1,1.4545574188232422,1.4545574188232422
train_bluetooth_catboost_bluetooth_recovery_e,0.1,Bluetooth/attacks/csv/train/Bluetooth_DoS_train.pcap.csv,12483,0.0005618929862976074,-0.010115563869476318,13,1,2.488405227661133,2.488405227661133
train_bluetooth_catboost_bluetooth_recovery_e,0.1,Bluetooth/attacks/csv/train/Bluetooth_DoS_train.pcap.csv,12499,0.0005618929862976074,-0.010115563869476318,13,2,1.4812954615350873,1.1672992706298828
train_bluetooth_catboost_bluetooth_recovery_e,0.1,Bluetooth/attacks/csv/train/Bluetooth_DoS_train.pcap.csv,12505,0.0005618929862976074,-0.010115563869476318,13,1,1.5419559478759766,1.5419559478759766
train_bluetooth_catboost_bluetooth_recovery_e,0.1,Bluetooth/attacks/csv/train/Bluetooth_DoS_train.pcap.csv,12529,0.0005618929862976074,-0.010115563869476318,13,3,175225.00001020674,175225.0
train_bluetooth_catboost_bluetooth_recovery_e,0.1,Bluetooth/attacks/csv/train/Bluetooth_DoS_train.pcap.csv,12539,0.0005618929862976074,-0.0007652640342712402,13,3,20.77147869420658,14.554168701171875
train_bluetooth_catboost_bluetooth_recovery_e,0.1,Bluetooth/attacks/csv/train/Bluetooth_DoS_train.pcap.csv,12542,0.0005618929862976074,-0.010115563869476318,13,2,2.549885234845538,2.3151588439941406
train_bluetooth_catboost_bluetooth_recovery_e,0.1,Bluetooth/attacks/csv/train/Bluetooth_DoS_train.pcap.csv,12567,0.0005618929862976074,-0.010115563869476318,16,4,374672.6165769766,374354.0
train_bluetooth_catboost_bluetooth_recovery_e,0.1,Bluetooth/attacks/csv/train/Bluetooth_DoS_train.pcap.csv,12591,0.0005618929862976074,-0.010115563869476318,13,1,1.2445240020751953,1.2445240020751953
train_bluetooth_catboost_bluetooth_recovery_e,0.1,Bluetooth/attacks/csv/train/Bluetooth_DoS_train.pcap.csv,12600,0.0005618929862976074,-0.0007652640342712402,13,3,26.533117032143473,18.70904541015625
train_bluetooth_catboost_bluetooth_recovery_e,0.1,Bluetooth/attacks/csv/train/Bluetooth_DoS_train.pcap.csv,12610,0.0005618929862976074,-0.010115563869476318,13,2,2.619503858941607,2.402894973754883
train_bluetooth_catboost_bluetooth_recovery_e,0.1,Bluetooth/attacks/csv/train/Bluetooth_DoS_train.pcap.csv,12633,0.0005618929862976074,-0.010115563869476318,13,3,1.9551733017296955,1.6435890197753906
train_bluetooth_catboost_bluetooth_recovery_e,0.1,Bluetooth/attacks/csv/train/Bluetooth_DoS_train.pcap.csv,12636,0.0005618929862976074,-0.0007652640342712402,13,2,11.202973291696553,11.018814086914062
train_bluetooth_catboost_bluetooth_recovery_e,0.1,Bluetooth/attacks/csv/train/Bluetooth_DoS_train.pcap.csv,12648,0.0005618929862976074,-0.010115563869476318,13,1,1.5702762603759766,1.5702762603759766
train_bluetooth_catboost_bluetooth_recovery_e,0.1,Bluetooth/attacks/csv/train/Bluetooth_DoS_train.pcap.csv,12654,0.0005618929862976074,-0.010115563869476318,13,2,10.41921613434045,10.269317626953125
train_bluetooth_catboost_bluetooth_recovery_e,0.1,Bluetooth/attacks/csv/train/Bluetooth_DoS_train.pcap.csv,12667,0.0005618929862976074,-0.010115563869476318,13,2,3.3038750195681863,3.0
train_bluetooth_catboost_bluetooth_recovery_e,0.1,Bluetooth/attacks/csv/train/Bluetooth_DoS_train.pcap.csv,12681,0.0005618929862976074,-0.010115563869476318,13,1,1.4744586944580078,1.4744586944580078
train_bluetooth_catboost_bluetooth_recovery_e,0.1,Bluetooth/attacks/csv/train/Bluetooth_DoS_train.pcap.csv,12688,0.0005618929862976074,-0.010115563869476318,13,1,2.6062488555908203,2.6062488555908203
train_bluetooth_catboost_bluetooth_recovery_e,0.1,Bluetooth/attacks/csv/train/Bluetooth_DoS_train.pcap.csv,12699,0.0005618929862976074,-0.010115563869476318,13,1,2.5820541381835938,2.5820541381835938
train_bluetooth_catboost_bluetooth_recovery_e,0.1,Bluetooth/attacks/csv/train/Bluetooth_DoS_train.pcap.csv,12725,0.0005618929862976074,-0.010115563869476318,13,2,1.5657987540721912,1.1960334777832031
train_bluetooth_catboost_bluetooth_recovery_e,0.1,Bluetooth/attacks/csv/train/Bluetooth_DoS_train.pcap.csv,12730,0.0005618929862976074,-0.0007652640342712402,13,2,2.028494045540405,1.7363719940185547
train_bluetooth_catboost_bluetooth_recovery_e,0.1,Bluetooth/attacks/csv/train/Bluetooth_DoS_train.pcap.csv,12732,0.0005618929862976074,-0.0007652640342712402,13,3,11.138083886452378,7.84185791015625
train_bluetooth_catboost_bluetooth_recovery_e,0.1,Bluetooth/attacks/csv/train/Bluetooth_DoS_train.pcap.csv,12750,0.0005618929862976074,-0.010115563869476318,13,4,11.795031961308032,7.77203369140625
train_bluetooth_catboost_bluetooth_recovery_e,0.1,Bluetooth/attacks/csv/train/Bluetooth_DoS_train.pcap.csv,12766,0.0005618929862976074,-0.010115563869476318,13,1,2.1708412170410156,2.1708412170410156
train_bluetooth_catboost_bluetooth_recovery_e,0.1,Bluetooth/attacks/csv/train/Bluetooth_DoS_train.pcap.csv,12772,0.0005618929862976074,-0.010115563869476318,13,3,42.42470573301132,29.962615966796875
train_bluetooth_catboost_bluetooth_recovery_e,0.1,Bluetooth/attacks/csv/train/Bluetooth_DoS_train.pcap.csv,12783,0.0005618929862976074,-0.0007652640342712402,13,3,21442.750036300542,21442.75
train_bluetooth_catboost_bluetooth_recovery_e,0.1,Bluetooth/attacks/csv/train/Bluetooth_DoS_train.pcap.csv,12827,0.0005618929862976074,-0.0007652640342712402,13,2,1.9828148488662112,1.6890068054199219
train_bluetooth_catboost_bluetooth_recovery_e,0.1,Bluetooth/attacks/csv/train/Bluetooth_DoS_train.pcap.csv,12839,0.0005618929862976074,-0.010115563869476318,13,3,2.8084722650866842,2.4666786193847656
train_bluetooth_catboost_bluetooth_recovery_e,0.1,Bluetooth/attacks/csv/train/Bluetooth_DoS_train.pcap.csv,12842,0.0005618929862976074,-0.010115563869476318,13,1,2.832080841064453,2.832080841064453
train_bluetooth_catboost_bluetooth_recovery_e,0.1,Bluetooth/attacks/csv/train/Bluetooth_DoS_train.pcap.csv,12919,0.0005618929862976074,-0.010115563869476318,13,2,2.4407201084991907,2.3366050720214844
train_bluetooth_catboost_bluetooth_recovery_e,0.1,Bluetooth/attacks/csv/train/Bluetooth_DoS_train.pcap.csv,12923,0.0005618929862976074,-0.010115563869476318,13,2,2.0559244633315275,1.764434814453125
train_bluetooth_catboost_bluetooth_recovery_e,0.1,Bluetooth/attacks/csv/train/Bluetooth_DoS_train.pcap.csv,12932,0.0005618929862976074,-0.010115563869476318,13,3,242006.91666138708,241801.0
train_bluetooth_catboost_bluetooth_recovery_e,0.1,Bluetooth/attacks/csv/train/Bluetooth_DoS_train.pcap.csv,12936,0.0005618929862976074,-0.010115563869476318,13,1,1.0776958465576172,1.0776958465576172
train_bluetooth_catboost_bluetooth_recovery_e,0.1,Bluetooth/attacks/csv/train/Bluetooth_DoS_train.pcap.csv,13028,0.0005618929862976074,-0.010115563869476318,13,1,1.9596118927001953,1.9596118927001953
train_bluetooth_catboost_bluetooth_recovery_e,0.1,Bluetooth/attacks/csv/train/Bluetooth_DoS_train.pcap.csv,13030,0.0005618929862976074,-0.010115563869476318,13,3,21292.250119212717,21292.25
train_bluetooth_catboost_bluetooth_recovery_e,0.1,Bluetooth/attacks/csv/train/Bluetooth_DoS_train.pcap.csv,13037,0.0005618929862976074,-0.010115563869476318,13,1,1.3743782043457031,1.3743782043457031
train_bluetooth_catboost_bluetooth_recovery_e,0.1,Bluetooth/attacks/csv/train/Bluetooth_DoS_train.pcap.csv,13068,0.0005618929862976074,-0.0007652640342712402,13,3,468491.6974793971,468093.0
train_bluetooth_catboost_bluetooth_recovery_e,0.1,Bluetooth/attacks/csv/train/Bluetooth_DoS_train.pcap.csv,13070,0.0005618929862976074,-0.010115563869476318,13,1,1.2090072631835938,1.2090072631835938
train_bluetooth_catboost_bluetooth_recovery_e,0.1,Bluetooth/attacks/csv/train/Bluetooth_DoS_train.pcap.csv,13080,0.0005618929862976074,-0.010115563869476318,13,5,388606.7209589155,388276.0
train_bluetooth_catboost_bluetooth_recovery_e,0.1,Bluetooth/attacks/csv/train/Bluetooth_DoS_train.pcap.csv,13083,0.0005618929862976074,-0.010115563869476318,13,3,35.033089863047564,24.704437255859375
train_bluetooth_catboost_bluetooth_recovery_e,0.1,Bluetooth/attacks/csv/train/Bluetooth_DoS_train.pcap.csv,13093,0.0005618929862976074,-0.010115563869476318,13,3,367060.133268647,366747.75
train_bluetooth_catboost_bluetooth_recovery_e,0.1,Bluetooth/attacks/csv/train/Bluetooth_DoS_train.pcap.csv,13112,0.0005618929862976074,-0.0007652640342712402,13,2,1.1144334053711313,1.1144275665283203
train_bluetooth_catboost_bluetooth_recovery_e,0.1,Bluetooth/attacks/csv/train/Bluetooth_DoS_train.pcap.csv,13210,0.0005618929862976074,-0.010115563869476318,13,3,2.504840587624982,1.9350318908691406
train_bluetooth_catboost_bluetooth_recovery_e,0.1,Bluetooth/attacks/csv/train/Bluetooth_DoS_train.pcap.csv,13238,0.0005618929862976074,-0.010115563869476318,13,1,2.534524917602539,2.534524917602539
train_bluetooth_catboost_bluetooth_recovery_e,0.1,Bluetooth/attacks/csv/train/Bluetooth_DoS_train.pcap.csv,13240,0.0005618929862976074,-0.0007652640342712402,13,3,2.610672030875341,2.2440624237060547
train_bluetooth_catboost_bluetooth_recovery_e,0.1,Bluetooth/attacks/csv/train/Bluetooth_DoS_train.pcap.csv,13245,0.0005618929862976074,-0.010115563869476318,13,1,1.9337596893310547,1.9337596893310547
train_bluetooth_catboost_bluetooth_recovery_e,0.1,Bluetooth/attacks/csv/train/Bluetooth_DoS_train.pcap.csv,13257,0.0005618929862976074,-0.010115563869476318,13,1,2.5618972778320312,2.5618972778320312
train_bluetooth_catboost_bluetooth_recovery_e,0.1,Bluetooth/attacks/csv/train/Bluetooth_DoS_train.pcap.csv,13262,0.0005618929862976074,-0.010115563869476318,13,3,12.490995721079708,11.903594970703125
train_bluetooth_catboost_bluetooth_recovery_e,0.1,Bluetooth/attacks/csv/train/Bluetooth_DoS_train.pcap.csv,13263,0.0005618929862976074,-0.0007652640342712402,13,3,570586.4633555681,570100.75
train_bluetooth_catboost_bluetooth_recovery_e,0.1,Bluetooth/attacks/csv/train/Bluetooth_DoS_train.pcap.csv,13271,0.0005618929862976074,-0.010115563869476318,13,4,264254.6977566794,264029.75
train_bluetooth_catboost_bluetooth_recovery_e,0.1,Bluetooth/attacks/csv/train/Bluetooth_DoS_train.pcap.csv,13274,0.0005618929862976074,-0.010115563869476318,13,3,597930.240654067,597421.25
train_bluetooth_catboost_bluetooth_recovery_e,0.1,Bluetooth/attacks/csv/train/Bluetooth_DoS_train.pcap.csv,13290,0.0005618929862976074,-0.010115563869476318,13,3,32.59284432167082,22.973968505859375
train_bluetooth_catboost_bluetooth_recovery_e,0.1,Bluetooth/attacks/csv/train/Bluetooth_DoS_train.pcap.csv,13295,0.0005618929862976074,-0.010115563869476318,13,3,21131.000194582273,21131.0
train_bluetooth_catboost_bluetooth_recovery_e,0.1,Bluetooth/attacks/csv/train/Bluetooth_DoS_train.pcap.csv,13299,0.0005618929862976074,-0.010115563869476318,13,2,1.7444912194418731,1.7417869567871094
train_bluetooth_catboost_bluetooth_recovery_e,0.1,Bluetooth/attacks/csv/train/Bluetooth_DoS_train.pcap.csv,13303,0.0005618929862976074,-0.010115563869476318,13,2,1.8888532525206982,1.7798538208007812
train_bluetooth_catboost_bluetooth_recovery_e,0.1,Bluetooth/attacks/csv/train/Bluetooth_DoS_train.pcap.csv,13305,0.0005618929862976074,-0.010115563869476318,13,3,1.4105357830169232,1.3178634643554688
train_bluetooth_catboost_bluetooth_recovery_e,0.1,Bluetooth/attacks/csv/train/Bluetooth_DoS_train.pcap.csv,13321,0.0005618929862976074,-0.010115563869476318,13,2,2.7433958345220044,2.537202835083008
train_bluetooth_catboost_bluetooth_recovery_e,0.1,Bluetooth/attacks/csv/train/Bluetooth_DoS_train.pcap.csv,13408,0.0005618929862976074,-0.010115563869476318,13,2,1.2426657448792615,1.2426605224609375
train_bluetooth_catboost_bluetooth_recovery_e,0.1,Bluetooth/attacks/csv/train/Bluetooth_DoS_train.pcap.csv,13415,0.0005618929862976074,-0.0007652640342712402,13,2,10.874807677500828,10.674484252929688
train_bluetooth_catboost_bluetooth_recovery_e,0.1,Bluetooth/attacks/csv/train/Bluetooth_DoS_train.pcap.csv,13455,0.0005618929862976074,-0.010115563869476318,13,3,16.047143934417033,11.2257080078125
train_bluetooth_catboost_bluetooth_recovery_e,0.1,Bluetooth/attacks/csv/train/Bluetooth_DoS_train.pcap.csv,13468,0.0005618929862976074,-0.010115563869476318,13,4,9.090533784922924,5.89471435546875
train_bluetooth_catboost_bluetooth_recovery_e,0.1,Bluetooth/attacks/csv/train/Bluetooth_DoS_train.pcap.csv,13483,0.0005618929862976074,-0.010115563869476318,13,1,1.5553970336914062,1.5553970336914062
train_bluetooth_catboost_bluetooth_recovery_e,0.1,Bluetooth/attacks/csv/train/Bluetooth_DoS_train.pcap.csv,13502,0.0005618929862976074,-0.010115563869476318,13,2,2.0845352070884813,1.6801586151123047
train_bluetooth_catboost_bluetooth_recovery_e,0.1,Bluetooth/attacks/csv/train/Bluetooth_DoS_train.pcap.csv,13516,0.0005618929862976074,-0.010115563869476318,13,4,33.742119863592954,23.82623291015625
train_bluetooth_catboost_bluetooth_recovery_e,0.1,Bluetooth/attacks/csv/train/Bluetooth_DoS_train.pcap.csv,13517,0.0005618929862976074,-0.010115563869476318,13,4,163765.7500440905,163765.75
train_bluetooth_catboost_bluetooth_recovery_e,0.1,Bluetooth/attacks/csv/train/Bluetooth_DoS_train.pcap.csv,13526,0.0005618929862976074,-0.010115563869476318,13,2,3.4813149281462925,3.0
train_bluetooth_catboost_bluetooth_recovery_e,0.1,Bluetooth/attacks/csv/train/Bluetooth_DoS_train.pcap.csv,13530,0.0005618929862976074,-0.010115563869476318,13,3,42.292554199820735,29.84710693359375
train_bluetooth_catboost_bluetooth_recovery_e,0.1,Bluetooth/attacks/csv/train/Bluetooth_DoS_train.pcap.csv,13534,0.0005618929862976074,-0.010115563869476318,13,3,4.0566304083054305,3.0
train_bluetooth_catboost_bluetooth_recovery_e,0.1,Bluetooth/attacks/csv/train/Bluetooth_DoS_train.pcap.csv,13536,0.0005618929862976074,-0.010115563869476318,13,3,2.763690414217843,1.9681463241577148
train_bluetooth_catboost_bluetooth_recovery_e,0.1,Bluetooth/attacks/csv/train/Bluetooth_DoS_train.pcap.csv,13572,0.0005618929862976074,-0.010115563869476318,13,1,1.3176307678222656,1.3176307678222656
train_bluetooth_catboost_bluetooth_recovery_e,0.1,Bluetooth/attacks/csv/train/Bluetooth_DoS_train.pcap.csv,13586,0.0005618929862976074,-0.010115563869476318,13,3,8.014051303021434,5.53692626953125
train_bluetooth_catboost_bluetooth_recovery_e,0.1,Bluetooth/attacks/csv/train/Bluetooth_DoS_train.pcap.csv,13617,0.0005618929862976074,-0.010115563869476318,13,4,451433.4605645634,451049.0
train_bluetooth_catboost_bluetooth_recovery_e,0.1,Bluetooth/attacks/csv/train/Bluetooth_DoS_train.pcap.csv,13669,0.0005618929862976074,-0.010115563869476318,13,2,2.3152973153634178,2.2606639862060547
train_bluetooth_catboost_bluetooth_recovery_e,0.1,Bluetooth/attacks/csv/train/Bluetooth_DoS_train.pcap.csv,13677,0.0005618929862976074,-0.010115563869476318,13,2,1.9067101506516153,1.906646728515625
train_bluetooth_catboost_bluetooth_recovery_e,0.1,Bluetooth/attacks/csv/train/Bluetooth_DoS_train.pcap.csv,13680,0.0005618929862976074,-0.010115563869476318,13,2,2.185536813830197,1.9653205871582031
train_bluetooth_catboost_bluetooth_recovery_e,0.1,Bluetooth/attacks/csv/train/Bluetooth_DoS_train.pcap.csv,13683,0.0005618929862976074,-0.010115563869476318,13,4,3.7461834767526727,3.5
train_bluetooth_catboost_bluetooth_recovery_e,0.1,Bluetooth/attacks/csv/train/Bluetooth_DoS_train.pcap.csv,13724,0.0005618929862976074,-0.010115563869476318,13,2,8.190058800628176,7.989776611328125
train_bluetooth_catboost_bluetooth_recovery_e,0.1,Bluetooth/attacks/csv/train/Bluetooth_DoS_train.pcap.csv,13733,0.0005618929862976074,-0.010115563869476318,13,3,1.595403112726407,1.2155570983886719
train_bluetooth_catboost_bluetooth_recovery_e,0.1,Bluetooth/attacks/csv/train/Bluetooth_DoS_train.pcap.csv,13744,0.0005618929862976074,-0.010115563869476318,13,4,36.625585084766726,25.7884521484375
train_bluetooth_catboost_bluetooth_recovery_e,0.1,Bluetooth/attacks/csv/train/Bluetooth_DoS_train.pcap.csv,13746,0.0005618929862976074,-0.010115563869476318,13,1,2.750509262084961,2.750509262084961
train_bluetooth_catboost_bluetooth_recovery_e,0.1,Bluetooth/attacks/csv/train/Bluetooth_DoS_train.pcap.csv,13749,0.0005618929862976074,-0.010115563869476318,13,4,416868.8340948999,416513.75
train_bluetooth_catboost_bluetooth_recovery_e,0.1,Bluetooth/attacks/csv/train/Bluetooth_DoS_train.pcap.csv,13762,0.0005618929862976074,-0.010115563869476318,13,3,3.890910981271625,3.75
train_bluetooth_catboost_bluetooth_recovery_e,0.1,Bluetooth/attacks/csv/train/Bluetooth_DoS_train.pcap.csv,13775,0.0005618929862976074,-0.010115563869476318,13,4,422734.59276841144,422374.5
train_bluetooth_catboost_bluetooth_recovery_e,0.1,Bluetooth/attacks/csv/train/Bluetooth_DoS_train.pcap.csv,13777,0.0005618929862976074,-0.010115563869476318,13,2,1.8707445615620928,1.6846466064453125
train_bluetooth_catboost_bluetooth_recovery_e,0.1,Bluetooth/attacks/csv/train/Bluetooth_DoS_train.pcap.csv,13824,0.0005618929862976074,-0.010115563869476318,13,3,423335.88332957076,422975.25
train_bluetooth_catboost_bluetooth_recovery_e,0.1,Bluetooth/attacks/csv/train/Bluetooth_DoS_train.pcap.csv,13825,0.0005618929862976074,-0.010115563869476318,13,1,2.058870315551758,2.058870315551758
train_bluetooth_catboost_bluetooth_recovery_e,0.1,Bluetooth/attacks/csv/train/Bluetooth_DoS_train.pcap.csv,13827,0.0005618929862976074,-0.0007652640342712402,13,4,17.56525384993563,12.31298828125
train_bluetooth_catboost_bluetooth_recovery_e,0.1,Bluetooth/attacks/csv/train/Bluetooth_DoS_train.pcap.csv,13867,0.0005618929862976074,-0.010115563869476318,13,2,3.4516258876250596,3.0
train_bluetooth_catboost_bluetooth_recovery_e,0.1,Bluetooth/attacks/csv/train/Bluetooth_DoS_train.pcap.csv,13868,0.0005618929862976074,-0.010115563869476318,13,5,658728.6819208782,658167.5
train_bluetooth_catboost_bluetooth_recovery_e,0.1,Bluetooth/attacks/csv/train/Bluetooth_DoS_train.pcap.csv,13879,0.0005618929862976074,-0.010115563869476318,13,2,2.9459810051668973,2.6595230102539062
train_bluetooth_catboost_bluetooth_recovery_e,0.1,Bluetooth/attacks/csv/train/Bluetooth_DoS_train.pcap.csv,13896,0.0005618929862976074,-0.010115563869476318,13,4,20764.750226726523,20764.75
train_bluetooth_catboost_bluetooth_recovery_e,0.1,Bluetooth/attacks/csv/train/Bluetooth_DoS_train.pcap.csv,13898,0.0005618929862976074,-0.010115563869476318,16,2,1.8775297606789363,1.584503173828125
train_bluetooth_catboost_bluetooth_recovery_e,0.1,Bluetooth/attacks/csv/train/Bluetooth_DoS_train.pcap.csv,13915,0.0005618929862976074,-0.010115563869476318,13,2,2.180680399247303,1.9700508117675781
train_bluetooth_catboost_bluetooth_recovery_e,0.1,Bluetooth/attacks/csv/train/Bluetooth_DoS_train.pcap.csv,13943,0.0005618929862976074,-0.010115563869476318,13,2,3.4782010859839683,3.0
train_bluetooth_catboost_bluetooth_recovery_e,0.1,Bluetooth/attacks/csv/train/Bluetooth_DoS_train.pcap.csv,13955,0.0005618929862976074,-0.010115563869476318,13,1,1.3461284637451172,1.3461284637451172
train_bluetooth_catboost_bluetooth_recovery_e,0.1,Bluetooth/attacks/csv/train/Bluetooth_DoS_train.pcap.csv,13991,0.0005618929862976074,-0.0007652640342712402,13,2,7.714775627144239,7.47802734375
train_bluetooth_catboost_bluetooth_recovery_e,0.1,Bluetooth/attacks/csv/train/Bluetooth_DoS_train.pcap.csv,13999,0.0005618929862976074,-0.010115563869476318,13,2,6.065007055211826,5.7895050048828125
train_bluetooth_catboost_bluetooth_recovery_e,0.1,Bluetooth/attacks/csv/train/Bluetooth_DoS_train.pcap.csv,14029,0.0005618929862976074,-0.010115563869476318,13,4,659842.4996429589,659280.25
train_bluetooth_catboost_bluetooth_recovery_e,0.1,Bluetooth/attacks/csv/train/Bluetooth_DoS_train.pcap.csv,14054,0.0005618929862976074,-0.010115563869476318,13,1,1.5604000091552734,1.5604000091552734
train_bluetooth_catboost_bluetooth_recovery_e,0.1,Bluetooth/attacks/csv/train/Bluetooth_DoS_train.pcap.csv,14057,0.0005618929862976074,-0.010115563869476318,13,3,20666.500097259403,20666.5
train_bluetooth_catboost_bluetooth_recovery_e,0.1,Bluetooth/attacks/csv/train/Bluetooth_DoS_train.pcap.csv,14067,0.0005618929862976074,-0.0007652640342712402,13,4,558738.3725499599,558262.25
train_bluetooth_catboost_bluetooth_recovery_e,0.1,Bluetooth/attacks/csv/train/Bluetooth_DoS_train.pcap.csv,14068,0.0005618929862976074,-0.010115563869476318,13,2,11.94430516047032,11.73931884765625
train_bluetooth_catboost_bluetooth_recovery_e,0.1,Bluetooth/attacks/csv/train/Bluetooth_DoS_train.pcap.csv,14071,0.0005618929862976074,-0.010115563869476318,16,1,1.6336231231689453,1.6336231231689453
train_bluetooth_catboost_bluetooth_recovery_e,0.1,Bluetooth/attacks/csv/train/Bluetooth_DoS_train.pcap.csv,14106,0.0005618929862976074,-0.010115563869476318,13,1,1.125905990600586,1.125905990600586
train_bluetooth_catboost_bluetooth_recovery_e,0.1,Bluetooth/attacks/csv/train/Bluetooth_DoS_train.pcap.csv,14107,0.0005618929862976074,-0.010115563869476318,13,4,569358.1585292271,568902.0
train_bluetooth_catboost_bluetooth_recovery_e,0.1,Bluetooth/attacks/csv/train/Bluetooth_DoS_train.pcap.csv,14121,0.0005618929862976074,-0.010115563869476318,13,4,141582.50003089165,141582.5
train_bluetooth_catboost_bluetooth_recovery_e,0.1,Bluetooth/attacks/csv/train/Bluetooth_DoS_train.pcap.csv,14155,0.0005618929862976074,-0.010115563869476318,13,4,41.12927545484137,29.0406494140625
train_bluetooth_catboost_bluetooth_recovery_e,0.1,Bluetooth/attacks/csv/train/Bluetooth_DoS_train.pcap.csv,14185,0.0005618929862976074,-0.010115563869476318,13,1,2.015035629272461,2.015035629272461
train_bluetooth_catboost_bluetooth_recovery_e,0.1,Bluetooth/attacks/csv/train/Bluetooth_DoS_train.pcap.csv,14186,0.0005618929862976074,-0.010115563869476318,13,3,676832.3368297371,676255.5
train_bluetooth_catboost_bluetooth_recovery_e,0.1,Bluetooth/attacks/csv/train/Bluetooth_DoS_train.pcap.csv,14201,0.0005618929862976074,-0.010115563869476318,13,4,20578.750054268236,20578.75
train_bluetooth_catboost_bluetooth_recovery_e,0.1,Bluetooth/attacks/csv/train/Bluetooth_DoS_train.pcap.csv,14209,0.0005618929862976074,-0.010115563869476318,13,2,2.093741840868798,1.8858299255371094
train_bluetooth_catboost_bluetooth_recovery_e,0.1,Bluetooth/attacks/csv/train/Bluetooth_DoS_train.pcap.csv,14225,0.0005618929862976074,-0.010115563869476318,13,3,3.9426986879887314,3.75
train_bluetooth_catboost_bluetooth_recovery_e,0.1,Bluetooth/attacks/csv/train/Bluetooth_DoS_train.pcap.csv,14283,0.0005618929862976074,-0.010115563869476318,13,1,2.4965953826904297,2.4965953826904297
train_bluetooth_catboost_bluetooth_recovery_e,0.1,Bluetooth/attacks/csv/train/Bluetooth_DoS_train.pcap.csv,14292,0.0005618929862976074,-0.010115563869476318,13,2,2.249005955839473,2.059926986694336
train_bluetooth_catboost_bluetooth_recovery_e,0.1,Bluetooth/attacks/csv/train/Bluetooth_DoS_train.pcap.csv,14305,0.0005618929862976074,-0.010115563869476318,13,3,20515.500140348617,20515.5
train_bluetooth_catboost_bluetooth_recovery_e,0.1,Bluetooth/attacks/csv/train/Bluetooth_DoS_train.pcap.csv,14308,0.0005618929862976074,-0.010115563869476318,13,2,2.399490688654963,2.085987091064453
train_bluetooth_catboost_bluetooth_recovery_e,0.1,Bluetooth/attacks/csv/train/Bluetooth_DoS_train.pcap.csv,14322,0.0005618929862976074,-0.010115563869476318,13,4,192381.7500236392,192381.75
train_bluetooth_catboost_bluetooth_recovery_e,0.1,Bluetooth/attacks/csv/train/Bluetooth_DoS_train.pcap.csv,14329,0.0005618929862976074,-0.010115563869476318,13,3,5.061296337857668,3.434539794921875
train_bluetooth_catboost_bluetooth_recovery_e,0.1,Bluetooth/attacks/csv/train/Bluetooth_DoS_train.pcap.csv,14353,0.0005618929862976074,-0.010115563869476318,13,2,1.758086202302583,1.446084976196289
train_bluetooth_catboost_bluetooth_recovery_e,0.1,Bluetooth/attacks/csv/train/Bluetooth_DoS_train.pcap.csv,14354,0.0005618929862976074,-0.010115563869476318,13,3,2.1916707415503622,1.8318920135498047
train_bluetooth_catboost_bluetooth_recovery_e,0.1,Bluetooth/attacks/csv/train/Bluetooth_DoS_train.pcap.csv,14358,0.0005618929862976074,-0.010115563869476318,13,2,2.8536436389076223,2.7089595794677734
train_bluetooth_catboost_bluetooth_recovery_e,0.1,Bluetooth/attacks/csv/train/Bluetooth_DoS_train.pcap.csv,14371,0.0005618929862976074,-0.010115563869476318,13,4,284764.9947682295,284522.25
train_bluetooth_catboost_bluetooth_recovery_e,0.1,Bluetooth/attacks/csv/train/Bluetooth_DoS_train.pcap.csv,14409,0.0005618929862976074,-0.010115563869476318,13,2,2.420670210767642,2.2499732971191406
train_bluetooth_catboost_bluetooth_recovery_e,0.1,Bluetooth/attacks/csv/train/Bluetooth_DoS_train.pcap.csv,14422,0.0005618929862976074,-0.010115563869476318,13,3,20444.250141681394,20444.25
train_bluetooth_catboost_bluetooth_recovery_e,0.1,Bluetooth/attacks/csv/train/Bluetooth_DoS_train.pcap.csv,14423,0.0005618929862976074,-0.010115563869476318,13,4,20443.50019948053,20443.5
train_bluetooth_catboost_bluetooth_recovery_e,0.1,Bluetooth/attacks/csv/train/Bluetooth_DoS_train.pcap.csv,14424,0.0005618929862976074,-0.010115563869476318,13,1,1.7658615112304688,1.7658615112304688
train_bluetooth_catboost_bluetooth_recovery_e,0.1,Bluetooth/attacks/csv/train/Bluetooth_DoS_train.pcap.csv,14439,0.0005618929862976074,-0.010115563869476318,13,1,1.1539268493652344,1.1539268493652344
train_bluetooth_catboost_bluetooth_recovery_e,0.1,Bluetooth/attacks/csv/train/Bluetooth_DoS_train.pcap.csv,14452,0.0005618929862976074,-0.010115563869476318,13,3,1.307876608848973,1.301462173461914
train_bluetooth_catboost_bluetooth_recovery_e,0.1,Bluetooth/attacks/csv/train/Bluetooth_DoS_train.pcap.csv,14472,0.0005618929862976074,-0.010115563869476318,13,2,2.7995907673434113,2.754579544067383
train_bluetooth_catboost_bluetooth_recovery_e,0.1,Bluetooth/attacks/csv/train/Bluetooth_DoS_train.pcap.csv,14478,0.0005618929862976074,-0.010115563869476318,13,1,1.0535888671875,1.0535888671875
train_bluetooth_catboost_bluetooth_recovery_e,0.1,Bluetooth/attacks/csv/train/Bluetooth_DoS_train.pcap.csv,14491,0.0005618929862976074,-0.010115563869476318,13,1,2.315938949584961,2.315938949584961
train_bluetooth_catboost_bluetooth_recovery_e,0.1,Bluetooth/attacks/csv/train/Bluetooth_DoS_train.pcap.csv,14510,0.0005618929862976074,-0.010115563869476318,13,2,1.6203165308130199,1.2954177856445312
train_bluetooth_catboost_bluetooth_recovery_e,0.1,Bluetooth/attacks/csv/train/Bluetooth_DoS_train.pcap.csv,14512,0.0005618929862976074,-0.010115563869476318,13,3,2.706127545851189,2.255270004272461
train_bluetooth_catboost_bluetooth_recovery_e,0.1,Bluetooth/attacks/csv/train/Bluetooth_DoS_train.pcap.csv,14518,0.0005618929862976074,-0.0007652640342712402,13,3,20390.00017583659,20390.0
train_bluetooth_catboost_bluetooth_recovery_e,0.1,Bluetooth/attacks/csv/train/Bluetooth_DoS_train.pcap.csv,14547,0.0005618929862976074,-0.010115563869476318,13,3,4.1640044097125655,3.75
train_bluetooth_catboost_bluetooth_recovery_e,0.1,Bluetooth/attacks/csv/train/Bluetooth_DoS_train.pcap.csv,14586,0.0005618929862976074,-0.010115563869476318,13,3,8.751837830488228,8.275680541992188
train_bluetooth_catboost_bluetooth_recovery_e,0.1,Bluetooth/attacks/csv/train/Bluetooth_DoS_train.pcap.csv,14592,0.0005618929862976074,-0.010115563869476318,13,4,371038.3671999308,370722.0
train_bluetooth_catboost_bluetooth_recovery_e,0.1,Bluetooth/attacks/csv/train/Bluetooth_DoS_train.pcap.csv,14596,0.0005618929862976074,-0.010115563869476318,13,4,19.404740589349714,13.68035888671875
train_bluetooth_catboost_bluetooth_recovery_e,0.1,Bluetooth/attacks/csv/train/Bluetooth_DoS_train.pcap.csv,14602,0.0005618929862976074,-0.010115563869476318,13,4,22.657945623551637,15.987823486328125
train_bluetooth_catboost_bluetooth_recovery_e,0.1,Bluetooth/attacks/csv/train/Bluetooth_DoS_train.pcap.csv,14608,0.0005618929862976074,-0.010115563869476318,13,1,2.1346263885498047,2.1346263885498047
train_bluetooth_catboost_bluetooth_recovery_e,0.1,Bluetooth/attacks/csv/train/Bluetooth_DoS_train.pcap.csv,14614,0.0005618929862976074,-0.010115563869476318,13,3,2.3602729043528763,2.133808135986328
train_bluetooth_catboost_bluetooth_recovery_e,0.1,Bluetooth/attacks/csv/train/Bluetooth_DoS_train.pcap.csv,14638,0.0005618929862976074,-0.010115563869476318,13,2,2.9397696244844127,2.806753158569336
train_bluetooth_catboost_bluetooth_recovery_e,0.1,Bluetooth/attacks/csv/train/Bluetooth_DoS_train.pcap.csv,14682,0.0005618929862976074,-0.010115563869476318,13,2,6.230947075421677,6.0957794189453125
train_bluetooth_catboost_bluetooth_recovery_e,0.1,Bluetooth/attacks/csv/train/Bluetooth_DoS_train.pcap.csv,14685,0.0005618929862976074,-0.0007652640342712402,13,2,2.381207108425302,2.381174087524414
train_bluetooth_catboost_bluetooth_recovery_e,0.1,Bluetooth/attacks/csv/train/Bluetooth_DoS_train.pcap.csv,14719,0.0005618929862976074,-0.010115563869476318,13,2,1.8267876854512188,1.8267841339111328
train_bluetooth_catboost_bluetooth_recovery_e,0.1,Bluetooth/attacks/csv/train/Bluetooth_DoS_train.pcap.csv,14737,0.0005618929862976074,-0.010115563869476318,13,2,2.374772266325624,2.3747310638427734
train_bluetooth_catboost_bluetooth_recovery_e,0.1,Bluetooth/attacks/csv/train/Bluetooth_DoS_train.pcap.csv,14743,0.0005618929862976074,-0.010115563869476318,13,3,6.4697270537885245,5.7462158203125
train_bluetooth_catboost_bluetooth_recovery_e,0.1,Bluetooth/attacks/csv/train/Bluetooth_DoS_train.pcap.csv,14754,0.0005618929862976074,-0.0007652640342712402,13,1,1.117849349975586,1.117849349975586
train_bluetooth_catboost_bluetooth_recovery_e,0.1,Bluetooth/attacks/csv/train/Bluetooth_DoS_train.pcap.csv,14792,0.0005618929862976074,-0.010115563869476318,13,3,11.11435699683139,10.850341796875
train_bluetooth_catboost_bluetooth_recovery_e,0.1,Bluetooth/attacks/csv/train/Bluetooth_DoS_train.pcap.csv,14819,0.0005618929862976074,-0.0007652640342712402,16,1,1.7516002655029297,1.7516002655029297
train_bluetooth_catboost_bluetooth_recovery_e,0.1,Bluetooth/attacks/csv/train/Bluetooth_DoS_train.pcap.csv,14837,0.0005618929862976074,-0.010115563869476318,13,3,10.188135001262603,10.01898193359375
train_bluetooth_catboost_bluetooth_recovery_e,0.1,Bluetooth/attacks/csv/train/Bluetooth_DoS_train.pcap.csv,14856,0.0005618929862976074,-0.010115563869476318,13,2,2.165186335380447,1.9883251190185547
train_bluetooth_catboost_bluetooth_recovery_e,0.1,Bluetooth/attacks/csv/train/Bluetooth_DoS_train.pcap.csv,14871,0.0005618929862976074,-0.010115563869476318,16,2,1.9571885489821084,1.411102294921875
train_bluetooth_catboost_bluetooth_recovery_e,0.1,Bluetooth/attacks/csv/train/Bluetooth_DoS_train.pcap.csv,14926,0.0005618929862976074,-0.010115563869476318,13,1,2.3611087799072266,2.3611087799072266
train_bluetooth_catboost_bluetooth_recovery_e,0.1,Bluetooth/attacks/csv/train/Bluetooth_DoS_train.pcap.csv,14935,0.0005618929862976074,-0.0007652640342712402,13,2,1.765401691417776,1.5918159484863281
train_bluetooth_catboost_bluetooth_recovery_e,0.1,Bluetooth/attacks/csv/train/Bluetooth_DoS_train.pcap.csv,14957,0.0005618929862976074,-0.0007652640342712402,13,2,2.2364787586451804,2.2364368438720703
train_bluetooth_catboost_bluetooth_recovery_e,0.1,Bluetooth/attacks/csv/train/Bluetooth_DoS_train.pcap.csv,14976,0.0005618929862976074,-0.010115563869476318,13,3,2.7382056437634805,2.6000595092773438
train_bluetooth_catboost_bluetooth_recovery_e,0.1,Bluetooth/attacks/csv/train/Bluetooth_DoS_train.pcap.csv,14987,0.0005618929862976074,-0.010115563869476318,13,3,2.188284428680873,2.017698287963867
train_bluetooth_catboost_bluetooth_recovery_e,0.1,Bluetooth/attacks/csv/train/Bluetooth_DoS_train.pcap.csv,15031,0.0005618929862976074,-0.010115563869476318,13,2,1.3014905353351145,1.2991600036621094
train_bluetooth_catboost_bluetooth_recovery_e,0.1,Bluetooth/attacks/csv/train/Bluetooth_DoS_train.pcap.csv,15054,0.0005618929862976074,-0.010115563869476318,13,2,3.9290492043817897,3.75
train_bluetooth_catboost_bluetooth_recovery_e,0.1,Bluetooth/attacks/csv/train/Bluetooth_DoS_train.pcap.csv,15084,0.0005618929862976074,-0.010115563869476318,13,3,2.6581714912689716,2.6042423248291016
train_bluetooth_catboost_bluetooth_recovery_e,0.1,Bluetooth/attacks/csv/train/Bluetooth_DoS_train.pcap.csv,15104,0.0005618929862976074,-0.010115563869476318,13,1,1.2990798950195312,1.2990798950195312
train_bluetooth_catboost_bluetooth_recovery_e,0.1,Bluetooth/attacks/csv/train/Bluetooth_DoS_train.pcap.csv,15118,0.0005618929862976074,-0.010115563869476318,13,3,2.6640046026986357,2.2870445251464844
train_bluetooth_catboost_bluetooth_recovery_e,0.1,Bluetooth/attacks/csv/train/Bluetooth_DoS_train.pcap.csv,15125,0.0005618929862976074,-0.010115563869476318,13,2,2.130238208821013,1.8419513702392578
train_bluetooth_catboost_bluetooth_recovery_e,0.1,Bluetooth/attacks/csv/train/Bluetooth_DoS_train.pcap.csv,15131,0.0005618929862976074,-0.010115563869476318,13,2,4.249213979324677,3.75
train_bluetooth_catboost_bluetooth_recovery_e,0.1,Bluetooth/attacks/csv/train/Bluetooth_DoS_train.pcap.csv,15151,0.0005618929862976074,-0.010115563869476318,16,3,20000.00002711876,20000.0
train_bluetooth_catboost_bluetooth_recovery_e,0.1,Bluetooth/attacks/csv/train/Bluetooth_DoS_train.pcap.csv,15154,0.0005618929862976074,-0.010115563869476318,13,3,12.796900252873145,12.715621948242188
train_bluetooth_catboost_bluetooth_recovery_e,0.1,Bluetooth/attacks/csv/train/Bluetooth_DoS_train.pcap.csv,15164,0.0005618929862976074,-0.010115563869476318,13,4,227996.7500176266,227996.75
train_bluetooth_catboost_bluetooth_recovery_e,0.1,Bluetooth/attacks/csv/train/Bluetooth_DoS_train.pcap.csv,15171,0.0005618929862976074,-0.010115563869476318,13,1,1.5712203979492188,1.5712203979492188
train_bluetooth_catboost_bluetooth_recovery_e,0.1,Bluetooth/attacks/csv/train/Bluetooth_DoS_train.pcap.csv,15185,0.0005618929862976074,-0.010115563869476318,13,3,420074.65932534344,419716.25
train_bluetooth_catboost_bluetooth_recovery_e,0.1,Bluetooth/attacks/csv/train/Bluetooth_DoS_train.pcap.csv,15313,0.0005618929862976074,-0.010115563869476318,13,2,1.6923733002100205,1.6923694610595703
train_bluetooth_catboost_bluetooth_recovery_e,0.1,Bluetooth/attacks/csv/train/Bluetooth_DoS_train.pcap.csv,15314,0.0005618929862976074,-0.0007652640342712402,16,3,725990.2502516916,725370.75
train_bluetooth_catboost_bluetooth_recovery_e,0.1,Bluetooth/attacks/csv/train/Bluetooth_DoS_train.pcap.csv,15315,0.0005618929862976074,-0.010115563869476318,13,4,731492.4461280762,730868.25
train_bluetooth_catboost_bluetooth_recovery_e,0.1,Bluetooth/attacks/csv/train/Bluetooth_DoS_train.pcap.csv,15316,0.0005618929862976074,-0.0007652640342712402,13,5,19899.250130727865,19899.25
train_bluetooth_catboost_bluetooth_recovery_e,0.1,Bluetooth/attacks/csv/train/Bluetooth_DoS_train.pcap.csv,15324,0.0005618929862976074,-0.010115563869476318,13,3,705482.7572076111,704880.75
train_bluetooth_catboost_bluetooth_recovery_e,0.1,Bluetooth/attacks/csv/train/Bluetooth_DoS_train.pcap.csv,15332,0.0005618929862976074,-0.010115563869476318,13,1,2.8128509521484375,2.8128509521484375
train_bluetooth_catboost_bluetooth_recovery_e,0.1,Bluetooth/attacks/csv/train/Bluetooth_DoS_train.pcap.csv,15341,0.0005618929862976074,-0.010115563869476318,13,3,139970.0000155914,139970.0
train_bluetooth_catboost_bluetooth_recovery_e,0.1,Bluetooth/attacks/csv/train/Bluetooth_DoS_train.pcap.csv,15342,0.0005618929862976074,-0.010115563869476318,13,2,2.3708494955984705,2.226043701171875
train_bluetooth_catboost_bluetooth_recovery_e,0.1,Bluetooth/attacks/csv/train/Bluetooth_DoS_train.pcap.csv,15355,0.0005618929862976074,-0.010115563869476318,13,4,1.7866076365559405,1.2908573150634766
train_bluetooth_catboost_bluetooth_recovery_e,0.1,Bluetooth/attacks/csv/train/Bluetooth_DoS_train.pcap.csv,15358,0.0005618929862976074,-0.010115563869476318,13,2,1.5616502186145005,1.1097040176391602
train_bluetooth_catboost_bluetooth_recovery_e,0.1,Bluetooth/attacks/csv/train/Bluetooth_DoS_train.pcap.csv,15374,0.0005618929862976074,-0.010115563869476318,13,1,1.2182941436767578,1.2182941436767578
train_bluetooth_catboost_bluetooth_recovery_e,0.1,Bluetooth/attacks/csv/train/Bluetooth_DoS_train.pcap.csv,15409,0.0005618929862976074,-0.010115563869476318,13,3,564597.8281454933,564116.0
train_bluetooth_catboost_bluetooth_recovery_e,0.1,Bluetooth/attacks/csv/train/Bluetooth_DoS_train.pcap.csv,15439,0.0005618929862976074,-0.0007652640342712402,13,3,10.503107246476702,10.145278930664062
train_bluetooth_catboost_bluetooth_recovery_e,0.1,Bluetooth/attacks/csv/train/Bluetooth_DoS_train.pcap.csv,15452,0.0005618929862976074,-0.010115563869476318,13,2,1.7457649149269032,1.7457160949707031
train_bluetooth_catboost_bluetooth_recovery_e,0.1,Bluetooth/attacks/csv/train/Bluetooth_DoS_train.pcap.csv,15455,0.0005618929862976074,-0.010115563869476318,13,1,1.3416862487792969,1.3416862487792969
train_bluetooth_catboost_bluetooth_recovery_e,0.1,Bluetooth/attacks/csv/train/Bluetooth_DoS_train.pcap.csv,15458,0.0005618929862976074,-0.010115563869476318,13,2,4.3210031440946315,4.0
train_bluetooth_catboost_bluetooth_recovery_e,0.1,Bluetooth/attacks/csv/train/Bluetooth_DoS_train.pcap.csv,15481,0.0005618929862976074,-0.010115563869476318,13,4,38.79053232713714,27.3746337890625
train_bluetooth_catboost_bluetooth_recovery_e,0.1,Bluetooth/attacks/csv/train/Bluetooth_DoS_train.pcap.csv,15516,0.0005618929862976074,-0.010115563869476318,13,4,19777.500153056037,19777.5
train_bluetooth_catboost_bluetooth_recovery_e,0.1,Bluetooth/attacks/csv/train/Bluetooth_DoS_train.pcap.csv,15537,0.0005618929862976074,-0.010115563869476318,13,1,1.5916557312011719,1.5916557312011719
train_bluetooth_catboost_bluetooth_recovery_e,0.1,Bluetooth/attacks/csv/train/Bluetooth_DoS_train.pcap.csv,15573,0.0005618929862976074,-0.0007652640342712402,13,4,27.015041534505762,19.006866455078125
train_bluetooth_catboost_bluetooth_recovery_e,0.1,Bluetooth/attacks/csv/train/Bluetooth_DoS_train.pcap.csv,15575,0.0005618929862976074,-0.0007652640342712402,13,1,1.155893325805664,1.155893325805664
train_bluetooth_catboost_bluetooth_recovery_e,0.1,Bluetooth/attacks/csv/train/Bluetooth_DoS_train.pcap.csv,15596,0.0005618929862976074,-0.010115563869476318,13,2,2.59016003181423,2.590118408203125
train_bluetooth_catboost_bluetooth_recovery_e,0.1,Bluetooth/attacks/csv/train/Bluetooth_DoS_train.pcap.csv,15600,0.0005618929862976074,-0.0007652640342712402,13,3,1.6714653638814465,1.4610767364501953
train_bluetooth_catboost_bluetooth_recovery_e,0.1,Bluetooth/attacks/csv/train/Bluetooth_DoS_train.pcap.csv,15620,0.0005618929862976074,-0.010115563869476318,13,2,1.4850710887949203,1.250905990600586
train_bluetooth_catboost_bluetooth_recovery_e,0.1,Bluetooth/attacks/csv/train/Bluetooth_DoS_train.pcap.csv,15644,0.0005618929862976074,-0.0007652640342712402,13,5,161712.25002780705,161712.25
train_bluetooth_catboost_bluetooth_recovery_e,0.1,Bluetooth/attacks/csv/train/Bluetooth_DoS_train.pcap.csv,15648,0.0005618929862976074,-0.010115563869476318,13,5,19697.024159266002,19697.0
train_bluetooth_catboost_bluetooth_recovery_e,0.1,Bluetooth/attacks/csv/train/Bluetooth_DoS_train.pcap.csv,15660,0.0005618929862976074,-0.010115563869476318,13,5,12.912963165421292,12.718032836914062
train_bluetooth_catboost_bluetooth_recovery_e,0.1,Bluetooth/attacks/csv/train/Bluetooth_DoS_train.pcap.csv,15667,0.0005618929862976074,-0.010115563869476318,13,5,144021.00001636337,144021.0
train_bluetooth_catboost_bluetooth_recovery_e,0.1,Bluetooth/attacks/csv/train/Bluetooth_DoS_train.pcap.csv,15673,0.0005618929862976074,-0.010115563869476318,13,4,4.530046107880126,4.0
train_bluetooth_catboost_bluetooth_recovery_e,0.1,Bluetooth/attacks/csv/train/Bluetooth_DoS_train.pcap.csv,15675,0.0005618929862976074,-0.010115563869476318,13,4,36.834712319839156,25.98101806640625
train_bluetooth_catboost_bluetooth_recovery_e,0.1,Bluetooth/attacks/csv/train/Bluetooth_DoS_train.pcap.csv,15684,0.0005618929862976074,-0.010115563869476318,13,5,1.7085579944515588,1.3751182556152344
train_bluetooth_catboost_bluetooth_recovery_e,0.1,Bluetooth/attacks/csv/train/Bluetooth_DoS_train.pcap.csv,15685,0.0005618929862976074,-0.010115563869476318,13,6,359135.32801528723,358828.75
train_bluetooth_catboost_bluetooth_recovery_e,0.1,Bluetooth/attacks/csv/train/Bluetooth_DoS_train.pcap.csv,15726,0.0005618929862976074,-0.010115563869476318,13,3,1.4134379104188728,1.3404216766357422
train_bluetooth_catboost_bluetooth_recovery_e,0.1,Bluetooth/attacks/csv/train/Bluetooth_DoS_train.pcap.csv,15758,0.0005618929862976074,-0.010115563869476318,13,4,1.5604288363662058,1.4671154022216797
train_bluetooth_catboost_bluetooth_recovery_e,0.1,Bluetooth/attacks/csv/train/Bluetooth_DoS_train.pcap.csv,15781,0.0005618929862976074,-0.010115563869476318,13,3,1.8304411256481934,1.717233657836914
train_bluetooth_catboost_bluetooth_recovery_e,0.1,Bluetooth/attacks/csv/train/Bluetooth_DoS_train.pcap.csv,15806,0.0005618929862976074,-0.0007652640342712402,13,5,4.451468881484632,4.0
train_bluetooth_catboost_bluetooth_recovery_e,0.1,Bluetooth/attacks/csv/train/Bluetooth_DoS_train.pcap.csv,15817,0.0005618929862976074,-0.0007652640342712402,16,3,2.8000700982493556,2.703277587890625
train_bluetooth_catboost_bluetooth_recovery_e,0.1,Bluetooth/attacks/csv/train/Bluetooth_DoS_train.pcap.csv,15819,0.0005618929862976074,-0.010115563869476318,13,3,1.7327462275106107,1.5637741088867188
train_bluetooth_catboost_bluetooth_recovery_e,0.1,Bluetooth/attacks/csv/train/Bluetooth_DoS_train.pcap.csv,15830,0.0005618929862976074,-0.0007652640342712402,13,3,2.7809681863634497,2.661611557006836
train_bluetooth_catboost_bluetooth_recovery_e,0.1,Bluetooth/attacks/csv/train/Bluetooth_DoS_train.pcap.csv,15881,0.0005618929862976074,-0.010115563869476318,13,3,2.594881828899123,2.452312469482422
train_bluetooth_catboost_bluetooth_recovery_e,0.1,Bluetooth/attacks/csv/train/Bluetooth_DoS_train.pcap.csv,15898,0.0005618929862976074,-0.010115563869476318,13,5,4.632465353747818,4.0
train_bluetooth_catboost_bluetooth_recovery_e,0.1,Bluetooth/attacks/csv/train/Bluetooth_DoS_train.pcap.csv,15911,0.0005618929862976074,-0.010115563869476318,13,5,4.90364232102737,4.25
train_bluetooth_catboost_bluetooth_recovery_e,0.1,Bluetooth/attacks/csv/train/Bluetooth_DoS_train.pcap.csv,15921,0.0005618929862976074,-0.010115563869476318,13,5,4.618318696475091,4.25
train_bluetooth_catboost_bluetooth_recovery_e,0.1,Bluetooth/attacks/csv/train/Bluetooth_DoS_train.pcap.csv,15976,0.0005618929862976074,-0.010115563869476318,13,4,5.155284761965008,4.25
train_bluetooth_catboost_bluetooth_recovery_e,0.1,Bluetooth/attacks/csv/train/Bluetooth_DoS_train.pcap.csv,16016,0.0005618929862976074,-0.010115563869476318,13,3,2.7171508979753503,2.326261520385742
train_bluetooth_catboost_bluetooth_recovery_e,0.1,Bluetooth/attacks/csv/train/Bluetooth_DoS_train.pcap.csv,16066,0.0005618929862976074,-0.010115563869476318,13,4,3.9256284507127055,3.0
train_bluetooth_catboost_bluetooth_recovery_e,0.1,Bluetooth/attacks/csv/train/Bluetooth_DoS_train.pcap.csv,16080,0.0005618929862976074,-0.010115563869476318,13,6,19433.75010893726,19433.75
train_bluetooth_catboost_bluetooth_recovery_e,0.1,Bluetooth/attacks/csv/train/Bluetooth_DoS_train.pcap.csv,16084,0.0005618929862976074,-0.010115563869476318,13,5,2.1513758020007154,1.252593994140625
train_bluetooth_catboost_bluetooth_recovery_e,0.1,Bluetooth/attacks/csv/train/Bluetooth_DoS_train.pcap.csv,16086,0.0005618929862976074,-0.010115563869476318,13,4,3.986300079355406,3.0
train_bluetooth_catboost_bluetooth_recovery_e,0.1,Bluetooth/attacks/csv/train/Bluetooth_DoS_train.pcap.csv,16094,0.0005618929862976074,-0.010115563869476318,13,4,38.7653658919029,27.393035888671875
train_bluetooth_catboost_bluetooth_recovery_e,0.1,Bluetooth/attacks/csv/train/Bluetooth_DoS_train.pcap.csv,16113,0.0005618929862976074,-0.010115563869476318,13,5,506143.989516404,505711.75
train_bluetooth_catboost_bluetooth_recovery_e,0.1,Bluetooth/attacks/csv/train/Bluetooth_DoS_train.pcap.csv,16152,0.0005618929862976074,-0.010115563869476318,13,3,20.328132472154355,14.273406982421875
train_bluetooth_catboost_bluetooth_recovery_e,0.1,Bluetooth/attacks/csv/train/Bluetooth_DoS_train.pcap.csv,16163,0.0005618929862976074,-0.010115563869476318,13,4,2.436363168960922,1.414794921875
train_bluetooth_catboost_bluetooth_recovery_e,0.1,Bluetooth/attacks/csv/train/Bluetooth_DoS_train.pcap.csv,16168,0.0005618929862976074,-0.010115563869476318,13,5,5.399325709533447,4.25
train_bluetooth_catboost_bluetooth_recovery_e,0.1,Bluetooth/attacks/csv/train/Bluetooth_DoS_train.pcap.csv,16185,0.0005618929862976074,-0.010115563869476318,13,5,2.5492843199151016,1.469390869140625
train_bluetooth_catboost_bluetooth_recovery_e,0.1,Bluetooth/attacks/csv/train/Bluetooth_DoS_train.pcap.csv,16193,0.0005618929862976074,-0.0007652640342712402,13,5,19365.000141673194,19365.0
train_bluetooth_catboost_bluetooth_recovery_e,0.1,Bluetooth/attacks/csv/train/Bluetooth_DoS_train.pcap.csv,16210,0.0005618929862976074,-0.010115563869476318,13,4,4.880659661784754,4.25
train_bluetooth_catboost_bluetooth_recovery_e,0.1,Bluetooth/attacks/csv/train/Bluetooth_DoS_train.pcap.csv,16223,0.0005618929862976074,-0.010115563869476318,13,4,22.67207695171574,15.989593505859375
train_bluetooth_catboost_bluetooth_recovery_e,0.1,Bluetooth/attacks/csv/train/Bluetooth_DoS_train.pcap.csv,16239,0.0005618929862976074,-0.010115563869476318,13,3,2.614657799382059,1.619384765625
train_bluetooth_catboost_bluetooth_recovery_e,0.1,Bluetooth/attacks/csv/train/Bluetooth_DoS_train.pcap.csv,16240,0.0005618929862976074,-0.0007652640342712402,13,3,2.8238203091046565,1.6569080352783203
train_bluetooth_catboost_bluetooth_recovery_e,0.1,Bluetooth/attacks/csv/train/Bluetooth_DoS_train.pcap.csv,16247,0.0005618929862976074,-0.010115563869476318,13,3,3.36438948421855,2.4295101165771484
train_bluetooth_catboost_bluetooth_recovery_e,0.1,Bluetooth/attacks/csv/train/Bluetooth_DoS_train.pcap.csv,16267,0.0005618929862976074,-0.010115563869476318,16,4,2.8339352657400587,1.655609130859375
train_bluetooth_catboost_bluetooth_recovery_e,0.1,Bluetooth/attacks/csv/train/Bluetooth_DoS_train.pcap.csv,16309,0.0005618929862976074,-0.0007652640342712402,13,5,8.601839907139128,7.9924774169921875
train_bluetooth_catboost_bluetooth_recovery_e,0.1,Bluetooth/attacks/csv/train/Bluetooth_DoS_train.pcap.csv,16314,0.0005618929862976074,-0.010115563869476318,13,5,502195.44669847295,501766.5
train_bluetooth_catboost_bluetooth_recovery_e,0.1,Bluetooth/attacks/csv/train/Bluetooth_DoS_train.pcap.csv,16325,0.0005618929862976074,-0.010115563869476318,13,4,4.551714508734722,3.0
train_bluetooth_catboost_bluetooth_recovery_e,0.1,Bluetooth/attacks/csv/train/Bluetooth_DoS_train.pcap.csv,16338,0.0005618929862976074,-0.010115563869476318,13,5,3.80164627214695,2.4775562286376953
train_bluetooth_catboost_bluetooth_recovery_e,0.1,Bluetooth/attacks/csv/train/Bluetooth_DoS_train.pcap.csv,16402,0.0005618929862976074,-0.010115563869476318,13,3,3.615454882728721,2.1846351623535156
train_bluetooth_catboost_bluetooth_recovery_e,0.1,Bluetooth/attacks/csv/train/Bluetooth_DoS_train.pcap.csv,16408,0.0005618929862976074,-0.010115563869476318,13,4,3.4919416776556718,2.04583740234375
train_bluetooth_catboost_bluetooth_recovery_e,0.1,Bluetooth/attacks/csv/train/Bluetooth_DoS_train.pcap.csv,16413,0.0005618929862976074,-0.010115563869476318,13,3,3.6960258858233694,2.3131752014160156
train_bluetooth_catboost_bluetooth_recovery_e,0.1,Bluetooth/attacks/csv/train/Bluetooth_DoS_train.pcap.csv,16416,0.0005618929862976074,-0.010115563869476318,13,3,3.2496277654792687,2.05108642578125
train_bluetooth_catboost_bluetooth_recovery_e,0.1,Bluetooth/attacks/csv/train/Bluetooth_DoS_train.pcap.csv,16424,0.0005618929862976074,-0.010115563869476318,13,5,3.4828419792886107,2.08966064453125
train_bluetooth_catboost_bluetooth_recovery_e,0.1,Bluetooth/attacks/csv/train/Bluetooth_DoS_train.pcap.csv,16429,0.0005618929862976074,-0.010115563869476318,13,5,3.4041549556745965,2.082183837890625
train_bluetooth_catboost_bluetooth_recovery_e,0.1,Bluetooth/attacks/csv/train/Bluetooth_DoS_train.pcap.csv,16455,0.0005618929862976074,-0.0007652640342712402,13,3,39.08832598075053,27.616058349609375
train_bluetooth_catboost_bluetooth_recovery_e,0.1,Bluetooth/attacks/csv/train/Bluetooth_DoS_train.pcap.csv,16463,0.0005618929862976074,-0.010115563869476318,13,4,3.9423418616605574,2.185849189758301
train_bluetooth_catboost_bluetooth_recovery_e,0.1,Bluetooth/attacks/csv/train/Bluetooth_DoS_train.pcap.csv,16473,0.0005618929862976074,-0.010115563869476318,13,5,421824.3481120806,421464.0
train_bluetooth_catboost_bluetooth_recovery_e,0.1,Bluetooth/attacks/csv/train/Bluetooth_DoS_train.pcap.csv,16474,0.0005618929862976074,-0.010115563869476318,13,5,664336.027513193,663768.5
train_bluetooth_catboost_bluetooth_recovery_e,0.1,Bluetooth/attacks/csv/train/Bluetooth_DoS_train.pcap.csv,16486,0.0005618929862976074,-0.010115563869476318,13,3,3.8597527494932065,2.277132034301758
train_bluetooth_catboost_bluetooth_recovery_e,0.1,Bluetooth/attacks/csv/train/Bluetooth_DoS_train.pcap.csv,16497,0.0005618929862976074,-0.010115563869476318,13,5,794234.750853193,793556.25
train_bluetooth_catboost_bluetooth_recovery_e,0.1,Bluetooth/attacks/csv/train/Bluetooth_DoS_train.pcap.csv,16542,0.0005618929862976074,-0.010115563869476318,13,4,5.980239092519641,4.5
train_bluetooth_catboost_bluetooth_recovery_e,0.1,Bluetooth/attacks/csv/train/Bluetooth_DoS_train.pcap.csv,16568,0.0005618929862976074,-0.0007652640342712402,13,4,3.7007044452938125,2.42254638671875
train_bluetooth_catboost_bluetooth_recovery_e,0.1,Bluetooth/attacks/csv/train/Bluetooth_DoS_train.pcap.csv,16617,0.0005618929862976074,-0.010115563869476318,13,3,4.175395140095475,2.44573974609375
train_bluetooth_catboost_bluetooth_recovery_e,0.1,Bluetooth/attacks/csv/train/Bluetooth_DoS_train.pcap.csv,16626,0.0005618929862976074,-0.010115563869476318,13,5,4.438385289093178,2.5488853454589844
train_bluetooth_catboost_bluetooth_recovery_e,0.1,Bluetooth/attacks/csv/train/Bluetooth_DoS_train.pcap.csv,16697,0.0005618929862976074,-0.010115563869476318,13,1,2.0890541076660156,2.0890541076660156
train_bluetooth_catboost_bluetooth_recovery_e,0.1,Bluetooth/attacks/csv/train/Bluetooth_DoS_train.pcap.csv,16709,0.0005618929862976074,-0.010115563869476318,13,2,4.866721979675553,4.5
train_bluetooth_catboost_bluetooth_recovery_e,0.1,Bluetooth/attacks/csv/train/Bluetooth_DoS_train.pcap.csv,16722,0.0005618929862976074,-0.0007652640342712402,13,3,24169.500026567464,24169.5
train_bluetooth_catboost_bluetooth_recovery_e,0.1,Bluetooth/attacks/csv/train/Bluetooth_DoS_train.pcap.csv,16752,0.0005618929862976074,-0.010115563869476318,13,3,10.13120576135095,9.000396728515625
train_bluetooth_catboost_bluetooth_recovery_e,0.1,Bluetooth/attacks/csv/train/Bluetooth_DoS_train.pcap.csv,16757,0.0005618929862976074,-0.010115563869476318,13,3,7.535258143628927,7.3615875244140625
train_bluetooth_catboost_bluetooth_recovery_e,0.1,Bluetooth/attacks/csv/train/Bluetooth_DoS_train.pcap.csv,16767,0.0005618929862976074,-0.010115563869476318,13,4,553437.9618950966,552966.25
train_bluetooth_catboost_bluetooth_recovery_e,0.1,Bluetooth/attacks/csv/train/Bluetooth_DoS_train.pcap.csv,16777,0.0005618929862976074,-0.0007652640342712402,13,3,687357.3609325306,686771.5
train_bluetooth_catboost_bluetooth_recovery_e,0.1,Bluetooth/attacks/csv/train/Bluetooth_DoS_train.pcap.csv,16804,0.0005618929862976074,-0.010115563869476318,13,1,2.219127655029297,2.219127655029297
train_bluetooth_catboost_bluetooth_recovery_e,0.1,Bluetooth/attacks/csv/train/Bluetooth_DoS_train.pcap.csv,16808,0.0005618929862976074,-0.010115563869476318,13,4,24117.250061574996,24117.25
train_bluetooth_catboost_bluetooth_recovery_e,0.1,Bluetooth/attacks/csv/train/Bluetooth_DoS_train.pcap.csv,16842,0.0005618929862976074,-0.010115563869476318,13,1,2.7882633209228516,2.7882633209228516
train_bluetooth_catboost_bluetooth_recovery_e,0.1,Bluetooth/attacks/csv/train/Bluetooth_DoS_train.pcap.csv,16854,0.0005618929862976074,-0.010115563869476318,13,4,13.063890083549788,9.025642395019531
train_bluetooth_catboost_bluetooth_recovery_e,0.1,Bluetooth/attacks/csv/train/Bluetooth_DoS_train.pcap.csv,16925,0.0005618929862976074,-0.010115563869476318,13,4,24046.000169788873,24046.0
train_bluetooth_catboost_bluetooth_recovery_e,0.1,Bluetooth/attacks/csv/train/Bluetooth_DoS_train.pcap.csv,16929,0.0005618929862976074,-0.010115563869476318,13,2,9.155067433849746,8.761810302734375
train_bluetooth_catboost_bluetooth_recovery_e,0.1,Bluetooth/attacks/csv/train/Bluetooth_DoS_train.pcap.csv,16934,0.0005618929862976074,-0.0007652640342712402,13,1,2.735271453857422,2.735271453857422
train_bluetooth_catboost_bluetooth_recovery_e,0.1,Bluetooth/attacks/csv/train/Bluetooth_DoS_train.pcap.csv,16942,0.0005618929862976074,-0.010115563869476318,13,4,565860.3915334222,565378.0
train_bluetooth_catboost_bluetooth_recovery_e,0.1,Bluetooth/attacks/csv/train/Bluetooth_DoS_train.pcap.csv,16944,0.0005618929862976074,-0.010115563869476318,13,3,1.255230793548736,1.2494049072265625
train_bluetooth_catboost_bluetooth_recovery_e,0.1,Bluetooth/attacks/csv/train/Bluetooth_DoS_train.pcap.csv,16952,0.0005618929862976074,-0.010115563869476318,13,3,1.8827208621645188,1.7268867492675781
train_bluetooth_catboost_bluetooth_recovery_e,0.1,Bluetooth/attacks/csv/train/Bluetooth_DoS_train.pcap.csv,16953,0.0005618929862976074,-0.010115563869476318,13,3,1.6817591988553593,1.4455986022949219
train_bluetooth_catboost_bluetooth_recovery_e,0.1,Bluetooth/attacks/csv/train/Bluetooth_DoS_train.pcap.csv,16960,0.0005618929862976074,-0.010115563869476318,13,4,358602.45712230995,358296.75
train_bluetooth_catboost_bluetooth_recovery_e,0.1,Bluetooth/attacks/csv/train/Bluetooth_DoS_train.pcap.csv,16972,0.0005618929862976074,-0.010115563869476318,13,3,4.870372529708482,4.5
train_bluetooth_catboost_bluetooth_recovery_e,0.1,Bluetooth/attacks/csv/train/Bluetooth_DoS_train.pcap.csv,16990,0.0005618929862976074,-0.010115563869476318,13,4,24006.250082066384,24006.25
train_bluetooth_catboost_bluetooth_recovery_e,0.1,Bluetooth/attacks/csv/train/Bluetooth_DoS_train.pcap.csv,17014,0.0005618929862976074,-0.0007652640342712402,13,3,10.264363290772527,10.009536743164062
train_bluetooth_catboost_bluetooth_recovery_e,0.1,Bluetooth/attacks/csv/train/Bluetooth_DoS_train.pcap.csv,17053,0.0005618929862976074,-0.010115563869476318,13,2,1.0285282135059384,1.0285282135009766
train_bluetooth_catboost_bluetooth_recovery_e,0.1,Bluetooth/attacks/csv/train/Bluetooth_DoS_train.pcap.csv,17060,0.0005618929862976074,-0.010115563869476318,13,1,2.564546585083008,2.564546585083008
train_bluetooth_catboost_bluetooth_recovery_e,0.1,Bluetooth/attacks/csv/train/Bluetooth_DoS_train.pcap.csv,17068,0.0005618929862976074,-0.0007652640342712402,13,2,1.6686121945188876,1.5919380187988281
train_bluetooth_catboost_bluetooth_recovery_e,0.1,Bluetooth/attacks/csv/train/Bluetooth_DoS_train.pcap.csv,17125,0.0005618929862976074,-0.010115563869476318,13,1,1.7690105438232422,1.7690105438232422
train_bluetooth_catboost_bluetooth_recovery_e,0.1,Bluetooth/attacks/csv/train/Bluetooth_DoS_train.pcap.csv,17155,0.0005618929862976074,-0.010115563869476318,13,1,1.6908512115478516,1.6908512115478516
train_bluetooth_catboost_bluetooth_recovery_e,0.1,Bluetooth/attacks/csv/train/Bluetooth_DoS_train.pcap.csv,17171,0.0005618929862976074,-0.010115563869476318,13,1,1.8357124328613281,1.8357124328613281
train_bluetooth_catboost_bluetooth_recovery_e,0.1,Bluetooth/attacks/csv/train/Bluetooth_DoS_train.pcap.csv,17180,0.0005618929862976074,-0.0007652640342712402,13,3,2.3396668213795833,1.9053611755371094
train_bluetooth_catboost_bluetooth_recovery_e,0.1,Bluetooth/attacks/csv/train/Bluetooth_DoS_train.pcap.csv,17185,0.0005618929862976074,-0.010115563869476318,13,3,23887.500045442088,23887.5
train_bluetooth_catboost_bluetooth_recovery_e,0.1,Bluetooth/attacks/csv/train/Bluetooth_DoS_train.pcap.csv,17213,0.0005618929862976074,-0.010115563869476318,13,1,1.068929672241211,1.068929672241211
train_bluetooth_catboost_bluetooth_recovery_e,0.1,Bluetooth/attacks/csv/train/Bluetooth_DoS_train.pcap.csv,17214,0.0005618929862976074,-0.010115563869476318,13,1,1.7117080688476562,1.7117080688476562
train_bluetooth_catboost_bluetooth_recovery_e,0.1,Bluetooth/attacks/csv/train/Bluetooth_DoS_train.pcap.csv,17215,0.0005618929862976074,-0.010115563869476318,13,3,338004.7258846917,337716.5
train_bluetooth_catboost_bluetooth_recovery_e,0.1,Bluetooth/attacks/csv/train/Bluetooth_DoS_train.pcap.csv,17233,0.0005618929862976074,-0.0007652640342712402,13,3,2.6689378694242865,2.485170364379883
train_bluetooth_catboost_bluetooth_recovery_e,0.1,Bluetooth/attacks/csv/train/Bluetooth_DoS_train.pcap.csv,17243,0.0005618929862976074,-0.010115563869476318,13,5,193815.50031579426,193815.5
train_bluetooth_catboost_bluetooth_recovery_e,0.1,Bluetooth/attacks/csv/train/Bluetooth_DoS_train.pcap.csv,17251,0.0005618929862976074,-0.010115563869476318,13,1,1.1450157165527344,1.1450157165527344
train_bluetooth_catboost_bluetooth_recovery_e,0.1,Bluetooth/attacks/csv/train/Bluetooth_DoS_train.pcap.csv,17252,0.0005618929862976074,-0.0007652640342712402,13,1,2.4164390563964844,2.4164390563964844
train_bluetooth_catboost_bluetooth_recovery_e,0.1,Bluetooth/attacks/csv/train/Bluetooth_DoS_train.pcap.csv,17267,0.0005618929862976074,-0.0007652640342712402,13,2,1.0580474508381996,1.051340103149414
train_bluetooth_catboost_bluetooth_recovery_e,0.1,Bluetooth/attacks/csv/train/Bluetooth_DoS_train.pcap.csv,17281,0.0005618929862976074,-0.0007652640342712402,13,2,1.4324748739311672,1.4324703216552734
train_bluetooth_catboost_bluetooth_recovery_e,0.1,Bluetooth/attacks/csv/train/Bluetooth_DoS_train.pcap.csv,17338,0.0005618929862976074,-0.010115563869476318,13,1,1.3731327056884766,1.3731327056884766
train_bluetooth_catboost_bluetooth_recovery_e,0.1,Bluetooth/attacks/csv/train/Bluetooth_DoS_train.pcap.csv,17340,0.0005618929862976074,-0.0007652640342712402,13,3,522915.946425529,522470.0
train_bluetooth_catboost_bluetooth_recovery_e,0.1,Bluetooth/attacks/csv/train/Bluetooth_DoS_train.pcap.csv,17372,0.0005618929862976074,-0.010115563869476318,16,3,729725.0826724104,729102.75
train_bluetooth_catboost_bluetooth_recovery_e,0.1,Bluetooth/attacks/csv/train/Bluetooth_DoS_train.pcap.csv,17383,0.0005618929862976074,-0.010115563869476318,13,2,4.992507320795221,4.5
train_bluetooth_catboost_bluetooth_recovery_e,0.1,Bluetooth/attacks/csv/train/Bluetooth_DoS_train.pcap.csv,17401,0.0005618929862976074,-0.010115563869476318,13,1,2.1012020111083984,2.1012020111083984
train_bluetooth_catboost_bluetooth_recovery_e,0.1,Bluetooth/attacks/csv/train/Bluetooth_DoS_train.pcap.csv,17403,0.0005618929862976074,-0.010115563869476318,13,2,1.063611984255932,1.0636119842529297
train_bluetooth_catboost_bluetooth_recovery_e,0.1,Bluetooth/attacks/csv/train/Bluetooth_DoS_train.pcap.csv,17414,0.0005618929862976074,-0.010115563869476318,13,1,1.3676509857177734,1.3676509857177734
train_bluetooth_catboost_bluetooth_recovery_e,0.1,Bluetooth/attacks/csv/train/Bluetooth_DoS_train.pcap.csv,17445,0.0005618929862976074,-0.010115563869476318,13,3,784827.8806322555,784158.5
train_bluetooth_catboost_bluetooth_recovery_e,0.1,Bluetooth/attacks/csv/train/Bluetooth_DoS_train.pcap.csv,17450,0.0005618929862976074,-0.010115563869476318,13,4,711699.8424936009,711310.0
train_bluetooth_catboost_bluetooth_recovery_e,0.1,Bluetooth/attacks/csv/train/Bluetooth_DoS_train.pcap.csv,17453,0.0005618929862976074,-0.010115563869476318,13,1,1.5528373718261719,1.5528373718261719
train_bluetooth_catboost_bluetooth_recovery_e,0.1,Bluetooth/attacks/csv/train/Bluetooth_DoS_train.pcap.csv,17465,0.0005618929862976074,-0.010115563869476318,13,3,151382.50001068605,151382.5
train_bluetooth_catboost_bluetooth_recovery_e,0.1,Bluetooth/attacks/csv/train/Bluetooth_DoS_train.pcap.csv,17480,0.0005618929862976074,-0.010115563869476318,13,4,199936.00003299682,199936.0
train_bluetooth_catboost_bluetooth_recovery_e,0.1,Bluetooth/attacks/csv/train/Bluetooth_DoS_train.pcap.csv,17487,0.0005618929862976074,-0.0007652640342712402,13,5,23703.50016674656,23703.5
train_bluetooth_catboost_bluetooth_recovery_e,0.1,Bluetooth/attacks/csv/train/Bluetooth_DoS_train.pcap.csv,17495,0.0005618929862976074,-0.0007652640342712402,13,3,21.064182121371005,14.833084106445312
train_bluetooth_catboost_bluetooth_recovery_e,0.1,Bluetooth/attacks/csv/train/Bluetooth_DoS_train.pcap.csv,17508,0.0005618929862976074,-0.010115563869476318,13,2,2.719063334969076,2.0493640899658203
train_bluetooth_catboost_bluetooth_recovery_e,0.1,Bluetooth/attacks/csv/train/Bluetooth_DoS_train.pcap.csv,17531,0.0005618929862976074,-0.010115563869476318,13,3,12.96477468444527,12.769546508789062
train_bluetooth_catboost_bluetooth_recovery_e,0.1,Bluetooth/attacks/csv/train/Bluetooth_DoS_train.pcap.csv,17534,0.0005618929862976074,-0.010115563869476318,13,2,1.5143737792969831,1.514373779296875
train_bluetooth_catboost_bluetooth_recovery_e,0.1,Bluetooth/attacks/csv/train/Bluetooth_DoS_train.pcap.csv,17535,0.0005618929862976074,-0.010115563869476318,16,1,1.8445701599121094,1.8445701599121094
train_bluetooth_catboost_bluetooth_recovery_e,0.1,Bluetooth/attacks/csv/train/Bluetooth_DoS_train.pcap.csv,17540,0.0005618929862976074,-0.010115563869476318,13,3,2.0090695739774236,2.0000133514404297
train_bluetooth_catboost_bluetooth_recovery_e,0.1,Bluetooth/attacks/csv/train/Bluetooth_DoS_train.pcap.csv,17554,0.0005618929862976074,-0.0007652640342712402,13,4,835360.0620211619,834679.75
train_bluetooth_catboost_bluetooth_recovery_e,0.1,Bluetooth/attacks/csv/train/Bluetooth_DoS_train.pcap.csv,17576,0.0005618929862976074,-0.010115563869476318,13,3,21.550900991928305,15.17205810546875
train_bluetooth_catboost_bluetooth_recovery_e,0.1,Bluetooth/attacks/csv/train/Bluetooth_DoS_train.pcap.csv,17609,0.0005618929862976074,-0.010115563869476318,13,1,2.338205337524414,2.338205337524414
train_bluetooth_catboost_bluetooth_recovery_e,0.1,Bluetooth/attacks/csv/train/Bluetooth_DoS_train.pcap.csv,17641,0.0005618929862976074,-0.010115563869476318,13,4,17.439238576940383,12.234001159667969
train_bluetooth_catboost_bluetooth_recovery_e,0.1,Bluetooth/attacks/csv/train/Bluetooth_DoS_train.pcap.csv,17655,0.0005618929862976074,-0.0007652640342712402,13,3,215488.00000775786,215488.0
train_bluetooth_catboost_bluetooth_recovery_e,0.1,Bluetooth/attacks/csv/train/Bluetooth_DoS_train.pcap.csv,17668,0.0005618929862976074,-0.010115563869476318,13,1,2.6792945861816406,2.6792945861816406
train_bluetooth_catboost_bluetooth_recovery_e,0.1,Bluetooth/attacks/csv/train/Bluetooth_DoS_train.pcap.csv,17688,0.0005618929862976074,-0.010115563869476318,13,4,771055.2723153961,770397.5
train_bluetooth_catboost_bluetooth_recovery_e,0.1,Bluetooth/attacks/csv/train/Bluetooth_DoS_train.pcap.csv,17689,0.0005618929862976074,-0.010115563869476318,13,2,7.513085532758621,7.3123016357421875
train_bluetooth_catboost_bluetooth_recovery_e,0.1,Bluetooth/attacks/csv/train/Bluetooth_DoS_train.pcap.csv,17821,0.0005618929862976074,-0.010115563869476318,13,1,2.0269546508789062,2.0269546508789062
train_bluetooth_catboost_bluetooth_recovery_e,0.1,Bluetooth/attacks/csv/train/Bluetooth_DoS_train.pcap.csv,17837,0.0005618929862976074,-0.010115563869476318,13,1,2.707927703857422,2.707927703857422
train_bluetooth_catboost_bluetooth_recovery_e,0.1,Bluetooth/attacks/csv/train/Bluetooth_DoS_train.pcap.csv,17850,0.0005618929862976074,-0.0007652640342712402,13,1,1.8514022827148438,1.8514022827148438
train_bluetooth_catboost_bluetooth_recovery_e,0.1,Bluetooth/attacks/csv/train/Bluetooth_DoS_train.pcap.csv,17861,0.0005618929862976074,-0.010115563869476318,13,2,3.6281541803658515,3.0
train_bluetooth_catboost_bluetooth_recovery_e,0.1,Bluetooth/attacks/csv/train/Bluetooth_DoS_train.pcap.csv,17862,0.0005618929862976074,-0.010115563869476318,13,4,539093.1446779752,538667.75
train_bluetooth_catboost_bluetooth_recovery_e,0.1,Bluetooth/attacks/csv/train/Bluetooth_DoS_train.pcap.csv,17904,0.0005618929862976074,-0.010115563869476318,13,3,20.575902241045483,14.502883911132812
train_bluetooth_catboost_bluetooth_recovery_e,0.1,Bluetooth/attacks/csv/train/Bluetooth_DoS_train.pcap.csv,17909,0.0005618929862976074,-0.010115563869476318,13,3,1.3424802952968873,1.24310302734375
train_bluetooth_catboost_bluetooth_recovery_e,0.1,Bluetooth/attacks/csv/train/Bluetooth_DoS_train.pcap.csv,17912,0.0005618929862976074,-0.0007652640342712402,16,2,1.543308199279835,1.247243881225586
train_bluetooth_catboost_bluetooth_recovery_e,0.1,Bluetooth/attacks/csv/train/Bluetooth_DoS_train.pcap.csv,17930,0.0005618929862976074,-0.010115563869476318,13,1,1.8910961151123047,1.8910961151123047
train_bluetooth_catboost_bluetooth_recovery_e,0.1,Bluetooth/attacks/csv/train/Bluetooth_DoS_train.pcap.csv,17946,0.0005618929862976074,-0.010115563869476318,13,2,2.488397468396992,2.4851531982421875
train_bluetooth_catboost_bluetooth_recovery_e,0.1,Bluetooth/attacks/csv/train/Bluetooth_DoS_train.pcap.csv,17952,0.0005618929862976074,-0.010115563869476318,13,2,2.1579535029797285,1.8051872253417969
train_bluetooth_catboost_bluetooth_recovery_e,0.1,Bluetooth/attacks/csv/train/Bluetooth_DoS_train.pcap.csv,17973,0.0005618929862976074,-0.010115563869476318,13,2,2.596673352946445,2.4339141845703125
train_bluetooth_catboost_bluetooth_recovery_e,0.1,Bluetooth/attacks/csv/train/Bluetooth_DoS_train.pcap.csv,17993,0.0005618929862976074,-0.010115563869476318,13,1,1.558584213256836,1.558584213256836
train_bluetooth_catboost_bluetooth_recovery_e,0.1,Bluetooth/attacks/csv/train/Bluetooth_DoS_train.pcap.csv,18000,0.0005618929862976074,-0.0007652640342712402,13,2,1.8349144511341593,1.5973072052001953
train_bluetooth_catboost_bluetooth_recovery_e,0.1,Bluetooth/attacks/csv/train/Bluetooth_DoS_train.pcap.csv,18126,0.0005618929862976074,-0.0007652640342712402,13,3,2.3755854640681826,1.9603214263916016
train_bluetooth_catboost_bluetooth_recovery_e,0.1,Bluetooth/attacks/csv/train/Bluetooth_DoS_train.pcap.csv,18133,0.0005618929862976074,-0.010115563869476318,13,2,3.651856171740952,3.0
train_bluetooth_catboost_bluetooth_recovery_e,0.1,Bluetooth/attacks/csv/train/Bluetooth_DoS_train.pcap.csv,18151,0.0005618929862976074,-0.010115563869476318,13,3,2.8512869375212375,2.2832374572753906
train_bluetooth_catboost_bluetooth_recovery_e,0.1,Bluetooth/attacks/csv/train/Bluetooth_DoS_train.pcap.csv,18162,0.0005618929862976074,-0.0007652640342712402,13,3,20.962868394334237,14.778999328613281
train_bluetooth_catboost_bluetooth_recovery_e,0.1,Bluetooth/attacks/csv/train/Bluetooth_DoS_train.pcap.csv,18170,0.0005618929862976074,-0.010115563869476318,13,3,2.640362832540151,2.6368942260742188
train_bluetooth_catboost_bluetooth_recovery_e,0.1,Bluetooth/attacks/csv/train/Bluetooth_DoS_train.pcap.csv,18176,0.0005618929862976074,-0.010115563869476318,13,3,23283.500027737093,23283.5
train_bluetooth_catboost_bluetooth_recovery_e,0.1,Bluetooth/attacks/csv/train/Bluetooth_DoS_train.pcap.csv,18194,0.0005618929862976074,-0.0007652640342712402,13,4,20.719945484509346,14.523674011230469
train_bluetooth_catboost_bluetooth_recovery_e,0.1,Bluetooth/attacks/csv/train/Bluetooth_DoS_train.pcap.csv,18197,0.0005618929862976074,-0.010115563869476318,13,2,2.344684468823695,2.169168472290039
train_bluetooth_catboost_bluetooth_recovery_e,0.1,Bluetooth/attacks/csv/train/Bluetooth_DoS_train.pcap.csv,18204,0.0005618929862976074,-0.010115563869476318,13,3,1.7362726688278747,1.4880218505859375
train_bluetooth_catboost_bluetooth_recovery_e,0.1,Bluetooth/attacks/csv/train/Bluetooth_DoS_train.pcap.csv,18210,0.0005618929862976074,-0.010115563869476318,13,4,21.604323047473855,15.20989990234375
train_bluetooth_catboost_bluetooth_recovery_e,0.1,Bluetooth/attacks/csv/train/Bluetooth_DoS_train.pcap.csv,18212,0.0005618929862976074,-0.010115563869476318,13,4,11.328425781709784,7.821441650390625
train_bluetooth_catboost_bluetooth_recovery_e,0.1,Bluetooth/attacks/csv/train/Bluetooth_DoS_train.pcap.csv,18227,0.0005618929862976074,-0.010115563869476318,13,4,384895.85525509104,384602.75
train_bluetooth_catboost_bluetooth_recovery_e,0.1,Bluetooth/attacks/csv/train/Bluetooth_DoS_train.pcap.csv,18241,0.0005618929862976074,-0.0007652640342712402,13,3,6.547998448327849,6.13299560546875
train_bluetooth_catboost_bluetooth_recovery_e,0.1,Bluetooth/attacks/csv/train/Bluetooth_DoS_train.pcap.csv,18253,0.0005618929862976074,-0.010115563869476318,13,3,1.583596271114447,1.305551528930664
train_bluetooth_catboost_bluetooth_recovery_e,0.1,Bluetooth/attacks/csv/train/Bluetooth_DoS_train.pcap.csv,18280,0.0005618929862976074,-0.0007652640342712402,13,2,1.8698643863818913,1.86981201171875
train_bluetooth_catboost_bluetooth_recovery_e,0.1,Bluetooth/attacks/csv/train/Bluetooth_DoS_train.pcap.csv,18302,0.0005618929862976074,-0.010115563869476318,13,1,2.35076904296875,2.35076904296875
train_bluetooth_catboost_bluetooth_recovery_e,0.1,Bluetooth/attacks/csv/train/Bluetooth_DoS_train.pcap.csv,18319,0.0005618929862976074,-0.010115563869476318,13,1,1.2395744323730469,1.2395744323730469
train_bluetooth_catboost_bluetooth_recovery_e,0.1,Bluetooth/attacks/csv/train/Bluetooth_DoS_train.pcap.csv,18337,0.0005618929862976074,-0.010115563869476318,13,1,2.4705638885498047,2.4705638885498047
train_bluetooth_catboost_bluetooth_recovery_e,0.1,Bluetooth/attacks/csv/train/Bluetooth_DoS_train.pcap.csv,18338,0.0005618929862976074,-0.010115563869476318,13,1,1.3345928192138672,1.3345928192138672
train_bluetooth_catboost_bluetooth_recovery_e,0.1,Bluetooth/attacks/csv/train/Bluetooth_DoS_train.pcap.csv,18364,0.0005618929862976074,-0.010115563869476318,13,2,6.71342624234605,6.469329833984375
train_bluetooth_catboost_bluetooth_recovery_e,0.1,Bluetooth/attacks/csv/train/Bluetooth_DoS_train.pcap.csv,18371,0.0005618929862976074,-0.010115563869476318,13,1,1.1758079528808594,1.1758079528808594
train_bluetooth_catboost_bluetooth_recovery_e,0.1,Bluetooth/attacks/csv/train/Bluetooth_DoS_train.pcap.csv,18388,0.0005618929862976074,-0.010115563869476318,13,3,23.392588941660456,16.4759521484375
train_bluetooth_catboost_bluetooth_recovery_e,0.1,Bluetooth/attacks/csv/train/Bluetooth_DoS_train.pcap.csv,18399,0.0005618929862976074,-0.010115563869476318,13,3,2.0966145084549557,1.5342273712158203
train_bluetooth_catboost_bluetooth_recovery_e,0.1,Bluetooth/attacks/csv/train/Bluetooth_DoS_train.pcap.csv,18421,0.0005618929862976074,-0.010115563869476318,13,3,828893.8144991797,828186.25
train_bluetooth_catboost_bluetooth_recovery_e,0.1,Bluetooth/attacks/csv/train/Bluetooth_DoS_train.pcap.csv,18433,0.0005618929862976074,-0.010115563869476318,13,3,23127.00015762461,23127.0
train_bluetooth_catboost_bluetooth_recovery_e,0.1,Bluetooth/attacks/csv/train/Bluetooth_DoS_train.pcap.csv,18450,0.0005618929862976074,-0.010115563869476318,13,1,1.727813720703125,1.727813720703125
train_bluetooth_catboost_bluetooth_recovery_e,0.1,Bluetooth/attacks/csv/train/Bluetooth_DoS_train.pcap.csv,18461,0.0005618929862976074,-0.010115563869476318,13,2,2.4509287937902866,2.450899124145508
train_bluetooth_catboost_bluetooth_recovery_e,0.1,Bluetooth/attacks/csv/train/Bluetooth_DoS_train.pcap.csv,18471,0.0005618929862976074,-0.010115563869476318,13,1,1.2913875579833984,1.2913875579833984
train_bluetooth_catboost_bluetooth_recovery_e,0.1,Bluetooth/attacks/csv/train/Bluetooth_DoS_train.pcap.csv,18489,0.0005618929862976074,-0.010115563869476318,13,2,2.807479858404614,2.8074798583984375
train_bluetooth_catboost_bluetooth_recovery_e,0.1,Bluetooth/attacks/csv/train/Bluetooth_DoS_train.pcap.csv,18509,0.0005618929862976074,-0.010115563869476318,16,4,429819.43204464123,429452.5
train_bluetooth_catboost_bluetooth_recovery_e,0.1,Bluetooth/attacks/csv/train/Bluetooth_DoS_train.pcap.csv,18575,0.0005618929862976074,-0.010115563869476318,13,1,1.4286956787109375,1.4286956787109375
train_bluetooth_catboost_bluetooth_recovery_e,0.1,Bluetooth/attacks/csv/train/Bluetooth_DoS_train.pcap.csv,18629,0.0005618929862976074,-0.010115563869476318,13,4,23007.50006515636,23007.5
train_bluetooth_catboost_bluetooth_recovery_e,0.1,Bluetooth/attacks/csv/train/Bluetooth_DoS_train.pcap.csv,18649,0.0005618929862976074,-0.010115563869476318,13,3,18.8176893085767,13.217826843261719
train_bluetooth_catboost_bluetooth_recovery_e,0.1,Bluetooth/attacks/csv/train/Bluetooth_DoS_train.pcap.csv,18681,0.0005618929862976074,-0.010115563869476318,13,1,2.8327159881591797,2.8327159881591797
train_bluetooth_catboost_bluetooth_recovery_e,0.1,Bluetooth/attacks/csv/train/Bluetooth_DoS_train.pcap.csv,18697,0.0005618929862976074,-0.010115563869476318,13,1,2.0139999389648438,2.0139999389648438
train_bluetooth_catboost_bluetooth_recovery_e,0.1,Bluetooth/attacks/csv/train/Bluetooth_DoS_train.pcap.csv,18738,0.0005618929862976074,-0.010115563869476318,13,3,8.078110999573282,7.743072509765625
train_bluetooth_catboost_bluetooth_recovery_e,0.1,Bluetooth/attacks/csv/train/Bluetooth_DoS_train.pcap.csv,18799,0.0005618929862976074,-0.010115563869476318,13,1,2.338773727416992,2.338773727416992
train_bluetooth_catboost_bluetooth_recovery_e,0.1,Bluetooth/attacks/csv/train/Bluetooth_DoS_train.pcap.csv,18843,0.0005618929862976074,-0.010115563869476318,13,3,22877.00011798202,22877.0
train_bluetooth_catboost_bluetooth_recovery_e,0.1,Bluetooth/attacks/csv/train/Bluetooth_DoS_train.pcap.csv,18869,0.0005618929862976074,-0.010115563869476318,13,3,1.732017705584641,1.7274398803710938
train_bluetooth_catboost_bluetooth_recovery_e,0.1,Bluetooth/attacks/csv/train/Bluetooth_DoS_train.pcap.csv,18871,0.0005618929862976074,-0.010115563869476318,13,3,22860.000026118716,22860.0
train_bluetooth_catboost_bluetooth_recovery_e,0.1,Bluetooth/attacks/csv/train/Bluetooth_DoS_train.pcap.csv,18874,0.0005618929862976074,-0.010115563869476318,13,3,320702.8702345289,320429.0
train_bluetooth_catboost_bluetooth_recovery_e,0.1,Bluetooth/attacks/csv/train/Bluetooth_DoS_train.pcap.csv,18886,0.0005618929862976074,-0.0007652640342712402,13,4,9.179437439079011,6.450752258300781
train_bluetooth_catboost_bluetooth_recovery_e,0.1,Bluetooth/attacks/csv/train/Bluetooth_DoS_train.pcap.csv,18888,0.0005618929862976074,-0.010115563869476318,13,4,841136.789014719,840418.5
train_bluetooth_catboost_bluetooth_recovery_e,0.1,Bluetooth/attacks/csv/train/Bluetooth_DoS_train.pcap.csv,18904,0.0005618929862976074,-0.010115563869476318,13,1,1.5527362823486328,1.5527362823486328
train_bluetooth_catboost_bluetooth_recovery_e,0.1,Bluetooth/attacks/csv/train/Bluetooth_DoS_train.pcap.csv,18914,0.0005618929862976074,-0.010115563869476318,13,3,679844.0737252596,679263.5
train_bluetooth_catboost_bluetooth_recovery_e,0.1,Bluetooth/attacks/csv/train/Bluetooth_DoS_train.pcap.csv,18940,0.0005618929862976074,-0.0007652640342712402,13,4,11.578402000591582,8.120475769042969
train_bluetooth_catboost_bluetooth_recovery_e,0.1,Bluetooth/attacks/csv/train/Bluetooth_DoS_train.pcap.csv,18943,0.0005618929862976074,-0.010115563869476318,16,3,510693.13490058255,510257.0
train_bluetooth_catboost_bluetooth_recovery_e,0.1,Bluetooth/attacks/csv/train/Bluetooth_DoS_train.pcap.csv,18959,0.0005618929862976074,-0.010115563869476318,13,1,1.3801803588867188,1.3801803588867188
train_bluetooth_catboost_bluetooth_recovery_e,0.1,Bluetooth/attacks/csv/train/Bluetooth_DoS_train.pcap.csv,18980,0.0005618929862976074,-0.010115563869476318,13,1,2.5354957580566406,2.5354957580566406
train_bluetooth_catboost_bluetooth_recovery_e,0.1,Bluetooth/attacks/csv/train/Bluetooth_DoS_train.pcap.csv,18993,0.0005618929862976074,-0.010115563869476318,13,4,235229.50000604498,235229.5
train_bluetooth_catboost_bluetooth_recovery_e,0.1,Bluetooth/attacks/csv/train/Bluetooth_DoS_train.pcap.csv,19005,0.0005618929862976074,-0.010115563869476318,13,1,1.8354167938232422,1.8354167938232422
train_bluetooth_catboost_bluetooth_recovery_e,0.1,Bluetooth/attacks/csv/train/Bluetooth_DoS_train.pcap.csv,19006,0.0005618929862976074,-0.010115563869476318,13,1,1.068155288696289,1.068155288696289
train_bluetooth_catboost_bluetooth_recovery_e,0.1,Bluetooth/attacks/csv/train/Bluetooth_DoS_train.pcap.csv,19018,0.0005618929862976074,-0.010115563869476318,13,1,1.9882144927978516,1.9882144927978516
train_bluetooth_catboost_bluetooth_recovery_e,0.1,Bluetooth/attacks/csv/train/Bluetooth_DoS_train.pcap.csv,19049,0.0005618929862976074,-0.0007652640342712402,13,3,9.993631330107771,6.963081359863281
train_bluetooth_catboost_bluetooth_recovery_e,0.1,Bluetooth/attacks/csv/train/Bluetooth_DoS_train.pcap.csv,19052,0.0005618929862976074,-0.010115563869476318,13,1,2.5816402435302734,2.5816402435302734
train_bluetooth_catboost_bluetooth_recovery_e,0.1,Bluetooth/attacks/csv/train/Bluetooth_DoS_train.pcap.csv,19058,0.0005618929862976074,-0.010115563869476318,13,2,1.9323614354731344,1.7419757843017578
train_bluetooth_catboost_bluetooth_recovery_e,0.1,Bluetooth/attacks/csv/train/Bluetooth_DoS_train.pcap.csv,19079,0.0005618929862976074,-0.010115563869476318,13,3,609148.5111493528,608628.25
train_bluetooth_catboost_bluetooth_recovery_e,0.1,Bluetooth/attacks/csv/train/Bluetooth_DoS_train.pcap.csv,19099,0.0005618929862976074,-0.010115563869476318,13,3,22721.000163180957,22721.0
train_bluetooth_catboost_bluetooth_recovery_e,0.1,Bluetooth/attacks/csv/train/Bluetooth_DoS_train.pcap.csv,19126,0.0005618929862976074,-0.010115563869476318,13,3,22.01024133706794,15.541282653808594
train_bluetooth_catboost_bluetooth_recovery_e,0.1,Bluetooth/attacks/csv/train/Bluetooth_DoS_train.pcap.csv,19141,0.0005618929862976074,-0.010115563869476318,13,2,2.986999533430313,2.868946075439453
train_bluetooth_catboost_bluetooth_recovery_e,0.1,Bluetooth/attacks/csv/train/Bluetooth_DoS_train.pcap.csv,19155,0.0005618929862976074,-0.010115563869476318,13,2,1.3129248308901111,1.3012409210205078
train_bluetooth_catboost_bluetooth_recovery_e,0.1,Bluetooth/attacks/csv/train/Bluetooth_DoS_train.pcap.csv,19199,0.0005618929862976074,-0.010115563869476318,13,2,3.321694111935731,3.0
train_bluetooth_catboost_bluetooth_recovery_e,0.1,Bluetooth/attacks/csv/train/Bluetooth_DoS_train.pcap.csv,19200,0.0005618929862976074,-0.010115563869476318,13,1,2.0434627532958984,2.0434627532958984
train_bluetooth_catboost_bluetooth_recovery_e,0.1,Bluetooth/attacks/csv/train/Bluetooth_DoS_train.pcap.csv,19218,0.0005618929862976074,-0.010115563869476318,13,2,5.497780663479336,5.0
train_bluetooth_catboost_bluetooth_recovery_e,0.1,Bluetooth/attacks/csv/train/Bluetooth_DoS_train.pcap.csv,19220,0.0005618929862976074,-0.010115563869476318,13,3,1.7755584571623146,1.5712642669677734
train_bluetooth_catboost_bluetooth_recovery_e,0.1,Bluetooth/attacks/csv/train/Bluetooth_DoS_train.pcap.csv,19222,0.0005618929862976074,-0.010115563869476318,13,3,2.7448520954138322,2.744813919067383
train_bluetooth_catboost_bluetooth_recovery_e,0.1,Bluetooth/attacks/csv/train/Bluetooth_DoS_train.pcap.csv,19227,0.0005618929862976074,-0.010115563869476318,13,1,1.811666488647461,1.811666488647461
train_bluetooth_catboost_bluetooth_recovery_e,0.1,Bluetooth/attacks/csv/train/Bluetooth_DoS_train.pcap.csv,19235,0.0005618929862976074,-0.010115563869476318,13,2,4.138615081021868,3.0
train_bluetooth_catboost_bluetooth_recovery_e,0.1,Bluetooth/attacks/csv/train/Bluetooth_DoS_train.pcap.csv,19262,0.0005618929862976074,-0.0007652640342712402,13,1,1.2395362854003906,1.2395362854003906
train_bluetooth_catboost_bluetooth_recovery_e,0.1,Bluetooth/attacks/csv/train/Bluetooth_DoS_train.pcap.csv,19265,0.0005618929862976074,-0.010115563869476318,13,4,715451.1487452204,714840.0
train_bluetooth_catboost_bluetooth_recovery_e,0.1,Bluetooth/attacks/csv/train/Bluetooth_DoS_train.pcap.csv,19346,0.0005618929862976074,-0.010115563869476318,13,1,1.2923393249511719,1.2923393249511719
train_bluetooth_catboost_bluetooth_recovery_e,0.1,Bluetooth/attacks/csv/train/Bluetooth_DoS_train.pcap.csv,19352,0.0005618929862976074,-0.010115563869476318,13,1,1.8695945739746094,1.8695945739746094
train_bluetooth_catboost_bluetooth_recovery_e,0.1,Bluetooth/attacks/csv/train/Bluetooth_DoS_train.pcap.csv,19356,0.0005618929862976074,-0.010115563869476318,13,1,1.5790290832519531,1.5790290832519531
train_bluetooth_catboost_bluetooth_recovery_e,0.1,Bluetooth/attacks/csv/train/Bluetooth_DoS_train.pcap.csv,19384,0.0005618929862976074,-0.010115563869476318,13,4,659578.2141250309,659014.75
train_bluetooth_catboost_bluetooth_recovery_e,0.1,Bluetooth/attacks/csv/train/Bluetooth_DoS_train.pcap.csv,19391,0.0005618929862976074,-0.010115563869476318,13,4,743157.36737169,742522.5
train_bluetooth_catboost_bluetooth_recovery_e,0.1,Bluetooth/attacks/csv/train/Bluetooth_DoS_train.pcap.csv,19446,0.0005618929862976074,-0.010115563869476318,13,3,3.8488248781238563,3.0
train_bluetooth_catboost_bluetooth_recovery_e,0.1,Bluetooth/attacks/csv/train/Bluetooth_DoS_train.pcap.csv,19458,0.0005618929862976074,-0.010115563869476318,13,1,1.964132308959961,1.964132308959961
train_bluetooth_catboost_bluetooth_recovery_e,0.1,Bluetooth/attacks/csv/train/Bluetooth_DoS_train.pcap.csv,19461,0.0005618929862976074,-0.0007652640342712402,13,3,2.6493508605333873,2.601715087890625
train_bluetooth_catboost_bluetooth_recovery_e,0.1,Bluetooth/attacks/csv/train/Bluetooth_DoS_train.pcap.csv,19464,0.0005618929862976074,-0.010115563869476318,13,3,9.39091502195489,6.557228088378906
train_bluetooth_catboost_bluetooth_recovery_e,0.1,Bluetooth/attacks/csv/train/Bluetooth_DoS_train.pcap.csv,19479,0.0005618929862976074,-0.010115563869476318,13,1,1.5644550323486328,1.5644550323486328
train_bluetooth_catboost_bluetooth_recovery_e,0.1,Bluetooth/attacks/csv/train/Bluetooth_DoS_train.pcap.csv,19506,0.0005618929862976074,-0.010115563869476318,13,2,2.8899072487078694,2.7740001678466797
train_bluetooth_catboost_bluetooth_recovery_e,0.1,Bluetooth/attacks/csv/train/Bluetooth_DoS_train.pcap.csv,19510,0.0005618929862976074,-0.010115563869476318,13,3,2.080143107882727,1.915191650390625
train_bluetooth_catboost_bluetooth_recovery_e,0.1,Bluetooth/attacks/csv/train/Bluetooth_DoS_train.pcap.csv,19522,0.0005618929862976074,-0.0007652640342712402,13,2,2.23727782649648,2.0857620239257812
train_bluetooth_catboost_bluetooth_recovery_e,0.1,Bluetooth/attacks/csv/train/Bluetooth_DoS_train.pcap.csv,19523,0.0005618929862976074,-0.0007652640342712402,13,2,2.771934509448765,2.7719345092773438
train_bluetooth_catboost_bluetooth_recovery_e,0.1,Bluetooth/attacks/csv/train/Bluetooth_DoS_train.pcap.csv,19539,0.0005618929862976074,-0.010115563869476318,16,1,1.0131111145019531,1.0131111145019531
train_bluetooth_catboost_bluetooth_recovery_e,0.1,Bluetooth/attacks/csv/train/Bluetooth_DoS_train.pcap.csv,19563,0.0005618929862976074,-0.010115563869476318,13,3,5.32632846314479,5.0
train_bluetooth_catboost_bluetooth_recovery_e,0.1,Bluetooth/attacks/csv/train/Bluetooth_DoS_train.pcap.csv,19568,0.0005618929862976074,-0.0007652640342712402,13,1,1.9945220947265625,1.9945220947265625
train_bluetooth_catboost_bluetooth_recovery_e,0.1,Bluetooth/attacks/csv/train/Bluetooth_DoS_train.pcap.csv,19582,0.0005618929862976074,-0.010115563869476318,13,2,1.7351606425103656,1.5366458892822266
train_bluetooth_catboost_bluetooth_recovery_e,0.1,Bluetooth/attacks/csv/train/Bluetooth_DoS_train.pcap.csv,19619,0.0005618929862976074,-0.010115563869476318,13,1,2.4165897369384766,2.4165897369384766
train_bluetooth_catboost_bluetooth_recovery_e,0.1,Bluetooth/attacks/csv/train/Bluetooth_DoS_train.pcap.csv,19620,0.0005618929862976074,-0.010115563869476318,16,1,2.2771644592285156,2.2771644592285156
train_bluetooth_catboost_bluetooth_recovery_e,0.1,Bluetooth/attacks/csv/train/Bluetooth_DoS_train.pcap.csv,19632,0.0005618929862976074,-0.010115563869476318,16,3,9.697712384310654,9.570175170898438
train_bluetooth_catboost_bluetooth_recovery_e,0.1,Bluetooth/attacks/csv/train/Bluetooth_DoS_train.pcap.csv,19633,0.0005618929862976074,-0.010115563869476318,13,3,934864.0327559081,934065.25
train_bluetooth_catboost_bluetooth_recovery_e,0.1,Bluetooth/attacks/csv/train/Bluetooth_DoS_train.pcap.csv,19640,0.0005618929862976074,-0.010115563869476318,13,4,12.717209030530622,8.096817016601562
train_bluetooth_catboost_bluetooth_recovery_e,0.1,Bluetooth/attacks/csv/train/Bluetooth_DoS_train.pcap.csv,19645,0.0005618929862976074,-0.010115563869476318,13,2,2.355788857370946,1.7085742950439453
train_bluetooth_catboost_bluetooth_recovery_e,0.1,Bluetooth/attacks/csv/train/Bluetooth_DoS_train.pcap.csv,19665,0.0005618929862976074,-0.010115563869476318,13,4,21.404880922069243,15.111663818359375
train_bluetooth_catboost_bluetooth_recovery_e,0.1,Bluetooth/attacks/csv/train/Bluetooth_DoS_train.pcap.csv,19670,0.0005618929862976074,-0.010115563869476318,13,3,358413.75137516134,358107.5
train_bluetooth_catboost_bluetooth_recovery_e,0.1,Bluetooth/attacks/csv/train/Bluetooth_DoS_train.pcap.csv,19685,0.0005618929862976074,-0.010115563869476318,13,1,1.9860095977783203,1.9860095977783203
train_bluetooth_catboost_bluetooth_recovery_e,0.1,Bluetooth/attacks/csv/train/Bluetooth_DoS_train.pcap.csv,19696,0.0005618929862976074,-0.010115563869476318,13,4,22357.50017294773,22357.5
train_bluetooth_catboost_bluetooth_recovery_e,0.1,Bluetooth/attacks/csv/train/Bluetooth_DoS_train.pcap.csv,19727,0.0005618929862976074,-0.010115563869476318,13,1,2.0309524536132812,2.0309524536132812
train_bluetooth_catboost_bluetooth_recovery_e,0.1,Bluetooth/attacks/csv/train/Bluetooth_DoS_train.pcap.csv,19754,0.0005618929862976074,-0.010115563869476318,13,1,2.5408592224121094,2.5408592224121094
train_bluetooth_catboost_bluetooth_recovery_e,0.1,Bluetooth/attacks/csv/train/Bluetooth_DoS_train.pcap.csv,19776,0.0005618929862976074,-0.010115563869476318,13,4,591761.4261577855,591255.75
train_bluetooth_catboost_bluetooth_recovery_e,0.1,Bluetooth/attacks/csv/train/Bluetooth_DoS_train.pcap.csv,19783,0.0005618929862976074,-0.010115563869476318,13,1,2.728239059448242,2.728239059448242
train_bluetooth_catboost_bluetooth_recovery_e,0.1,Bluetooth/attacks/csv/train/Bluetooth_DoS_train.pcap.csv,19818,0.0005618929862976074,-0.010115563869476318,13,2,6.658348729807564,6.3887939453125
train_bluetooth_catboost_bluetooth_recovery_e,0.1,Bluetooth/attacks/csv/train/Bluetooth_DoS_train.pcap.csv,19845,0.0005618929862976074,-0.010115563869476318,13,2,1.4790629562244202,1.2496490478515625
train_bluetooth_catboost_bluetooth_recovery_e,0.1,Bluetooth/attacks/csv/train/Bluetooth_DoS_train.pcap.csv,19862,0.0005618929862976074,-0.010115563869476318,13,3,1.882100121902289,1.8780460357666016
train_bluetooth_catboost_bluetooth_recovery_e,0.1,Bluetooth/attacks/csv/train/Bluetooth_DoS_train.pcap.csv,19864,0.0005618929862976074,-0.010115563869476318,13,2,7.575686708490871,7.0876617431640625
train_bluetooth_catboost_bluetooth_recovery_e,0.1,Bluetooth/attacks/csv/train/Bluetooth_DoS_train.pcap.csv,19869,0.0005618929862976074,-0.0007652640342712402,13,2,1.2092422277071764,1.209188461303711
train_bluetooth_catboost_bluetooth_recovery_e,0.1,Bluetooth/attacks/csv/train/Bluetooth_DoS_train.pcap.csv,19873,0.0005618929862976074,-0.010115563869476318,13,4,11.211055468832559,7.5672760009765625
train_bluetooth_catboost_bluetooth_recovery_e,0.1,Bluetooth/attacks/csv/train/Bluetooth_DoS_train.pcap.csv,19886,0.0005618929862976074,-0.0007652640342712402,13,1,2.0362110137939453,2.0362110137939453
train_bluetooth_catboost_bluetooth_recovery_e,0.1,Bluetooth/attacks/csv/train/Bluetooth_DoS_train.pcap.csv,19904,0.0005618929862976074,-0.010115563869476318,13,1,2.724363327026367,2.724363327026367
train_bluetooth_catboost_bluetooth_recovery_e,0.1,Bluetooth/attacks/csv/train/Bluetooth_DoS_train.pcap.csv,19922,0.0005618929862976074,-0.010115563869476318,13,3,22219.500048021324,22219.5
train_bluetooth_catboost_bluetooth_recovery_e,0.1,Bluetooth/attacks/csv/train/Bluetooth_DoS_train.pcap.csv,19940,0.0005618929862976074,-0.0007652640342712402,13,2,1.6582300313675067,1.6538467407226562
train_bluetooth_catboost_bluetooth_recovery_e,0.1,Bluetooth/attacks/csv/train/Bluetooth_DoS_train.pcap.csv,19950,0.0005618929862976074,-0.010115563869476318,13,4,10.93792613356644,7.6236114501953125
train_bluetooth_catboost_bluetooth_recovery_e,0.1,Bluetooth/attacks/csv/train/Bluetooth_DoS_train.pcap.csv,19955,0.0005618929862976074,-0.010115563869476318,13,3,22199.500115460385,22199.5
train_bluetooth_catboost_bluetooth_recovery_e,0.1,Bluetooth/attacks/csv/train/Bluetooth_DoS_train.pcap.csv,19981,0.0005618929862976074,-0.010115563869476318,13,2,2.906821673178522,2.7991714477539062
train_bluetooth_catboost_bluetooth_recovery_e,0.1,Bluetooth/attacks/csv/train/Bluetooth_DoS_train.pcap.csv,19998,0.0005618929862976074,-0.010115563869476318,13,1,1.5408344268798828,1.5408344268798828
train_bluetooth_catboost_bluetooth_recovery_e,0.1,Bluetooth/attacks/csv/train/Bluetooth_DoS_train.pcap.csv,20006,0.0005618929862976074,-0.010115563869476318,13,3,5.64521220697477,5.0
train_bluetooth_catboost_bluetooth_recovery_e,0.1,Bluetooth/attacks/csv/train/Bluetooth_DoS_train.pcap.csv,20014,0.0005618929862976074,-0.010115563869476318,13,1,2.453378677368164,2.453378677368164
train_bluetooth_catboost_bluetooth_recovery_e,0.1,Bluetooth/attacks/csv/train/Bluetooth_DoS_train.pcap.csv,20048,0.0005618929862976074,-0.010115563869476318,13,3,273174.0000127571,273174.0
train_bluetooth_catboost_bluetooth_recovery_e,0.1,Bluetooth/attacks/csv/train/Bluetooth_DoS_train.pcap.csv,20060,0.0005618929862976074,-0.010115563869476318,13,1,2.091890335083008,2.091890335083008
train_bluetooth_catboost_bluetooth_recovery_e,0.1,Bluetooth/attacks/csv/train/Bluetooth_DoS_train.pcap.csv,20065,0.0005618929862976074,-0.010115563869476318,13,1,1.6878204345703125,1.6878204345703125
train_bluetooth_catboost_bluetooth_recovery_e,0.1,Bluetooth/attacks/csv/train/Bluetooth_DoS_train.pcap.csv,20091,0.0005618929862976074,-0.010115563869476318,13,4,21.228435842009567,13.931571960449219
train_bluetooth_catboost_bluetooth_recovery_e,0.1,Bluetooth/attacks/csv/train/Bluetooth_DoS_train.pcap.csv,20113,0.0005618929862976074,-0.010115563869476318,13,3,758664.2049354614,758015.75
train_bluetooth_catboost_bluetooth_recovery_e,0.1,Bluetooth/attacks/csv/train/Bluetooth_DoS_train.pcap.csv,20117,0.0005618929862976074,-0.010115563869476318,13,3,19.47504131724042,13.734039306640625
train_bluetooth_catboost_bluetooth_recovery_e,0.1,Bluetooth/attacks/csv/train/Bluetooth_DoS_train.pcap.csv,20150,0.0005618929862976074,-0.010115563869476318,13,4,210184.00000574987,210184.0
train_bluetooth_catboost_bluetooth_recovery_e,0.1,Bluetooth/attacks/csv/train/Bluetooth_DoS_train.pcap.csv,20159,0.0005618929862976074,-0.010115563869476318,13,4,12.221420876303887,8.359291076660156
train_bluetooth_catboost_bluetooth_recovery_e,0.1,Bluetooth/attacks/csv/train/Bluetooth_DoS_train.pcap.csv,20173,0.0005618929862976074,-0.010115563869476318,13,1,1.3416976928710938,1.3416976928710938
train_bluetooth_catboost_bluetooth_recovery_e,0.1,Bluetooth/attacks/csv/train/Bluetooth_DoS_train.pcap.csv,20188,0.0005618929862976074,-0.010115563869476318,13,3,2.468187031830766,2.341815948486328
train_bluetooth_catboost_bluetooth_recovery_e,0.1,Bluetooth/attacks/csv/train/Bluetooth_DoS_train.pcap.csv,20196,0.0005618929862976074,-0.010115563869476318,13,3,1.5959489119491574,1.5902748107910156
train_bluetooth_catboost_bluetooth_recovery_e,0.1,Bluetooth/attacks/csv/train/Bluetooth_DoS_train.pcap.csv,20206,0.0005618929862976074,-0.010115563869476318,13,2,6.960123050084765,6.86328125
train_bluetooth_catboost_bluetooth_recovery_e,0.1,Bluetooth/attacks/csv/train/Bluetooth_DoS_train.pcap.csv,20208,0.0005618929862976074,-0.010115563869476318,13,1,1.1203269958496094,1.1203269958496094
train_bluetooth_catboost_bluetooth_recovery_e,0.1,Bluetooth/attacks/csv/train/Bluetooth_DoS_train.pcap.csv,20229,0.0005618929862976074,-0.010115563869476318,13,3,913641.2317487897,912860.25
train_bluetooth_catboost_bluetooth_recovery_e,0.1,Bluetooth/attacks/csv/train/Bluetooth_DoS_train.pcap.csv,20231,0.0005618929862976074,-0.010115563869476318,13,2,5.221662871005312,5.0
train_bluetooth_catboost_bluetooth_recovery_e,0.1,Bluetooth/attacks/csv/train/Bluetooth_DoS_train.pcap.csv,20235,0.0005618929862976074,-0.010115563869476318,13,4,18.174081349823567,12.193328857421875
train_bluetooth_catboost_bluetooth_recovery_e,0.1,Bluetooth/attacks/csv/train/Bluetooth_DoS_train.pcap.csv,20238,0.0005618929862976074,-0.0007652640342712402,13,4,355456.84790851804,355153.0
train_bluetooth_catboost_bluetooth_recovery_e,0.1,Bluetooth/attacks/csv/train/Bluetooth_DoS_train.pcap.csv,20241,0.0005618929862976074,-0.010115563869476318,13,3,664854.8325721014,664286.5
train_bluetooth_catboost_bluetooth_recovery_e,0.1,Bluetooth/attacks/csv/train/Bluetooth_DoS_train.pcap.csv,20255,0.0005618929862976074,-0.010115563869476318,13,1,1.6804237365722656,1.6804237365722656
train_bluetooth_catboost_bluetooth_recovery_e,0.1,Bluetooth/attacks/csv/train/Bluetooth_DoS_train.pcap.csv,20280,0.0005618929862976074,-0.010115563869476318,13,2,4.085849594469473,3.0
train_bluetooth_catboost_bluetooth_recovery_e,0.1,Bluetooth/attacks/csv/train/Bluetooth_DoS_train.pcap.csv,20295,0.0005618929862976074,-0.0007652640342712402,13,3,11.674513919113915,11.34796142578125
train_bluetooth_catboost_bluetooth_recovery_e,0.1,Bluetooth/attacks/csv/train/Bluetooth_DoS_train.pcap.csv,20327,0.0005618929862976074,-0.0007652640342712402,13,2,2.889562072560146,2.786405563354492
train_bluetooth_catboost_bluetooth_recovery_e,0.1,Bluetooth/attacks/csv/train/Bluetooth_DoS_train.pcap.csv,20349,0.0005618929862976074,-0.0007652640342712402,13,3,2.6117816529814646,2.0520877838134766
train_bluetooth_catboost_bluetooth_recovery_e,0.1,Bluetooth/attacks/csv/train/Bluetooth_DoS_train.pcap.csv,20403,0.0005618929862976074,-0.010115563869476318,13,2,1.2253041517313157,1.1186466217041016
train_bluetooth_catboost_bluetooth_recovery_e,0.1,Bluetooth/attacks/csv/train/Bluetooth_DoS_train.pcap.csv,20406,0.0005618929862976074,-0.010115563869476318,13,1,1.606435775756836,1.606435775756836
train_bluetooth_catboost_bluetooth_recovery_e,0.1,Bluetooth/attacks/csv/train/Bluetooth_DoS_train.pcap.csv,20416,0.0005618929862976074,-0.010115563869476318,13,3,1.6726158088763339,1.3306713104248047
train_bluetooth_catboost_bluetooth_recovery_e,0.1,Bluetooth/attacks/csv/train/Bluetooth_DoS_train.pcap.csv,20421,0.0005618929862976074,-0.010115563869476318,13,3,21915.500163155306,21915.5
train_bluetooth_catboost_bluetooth_recovery_e,0.1,Bluetooth/attacks/csv/train/Bluetooth_DoS_train.pcap.csv,20438,0.0005618929862976074,-0.010115563869476318,13,2,2.717628179157579,2.716014862060547
train_bluetooth_catboost_bluetooth_recovery_e,0.1,Bluetooth/attacks/csv/train/Bluetooth_DoS_train.pcap.csv,20446,0.0005618929862976074,-0.010115563869476318,13,4,180773.5000225483,180773.5
train_bluetooth_catboost_bluetooth_recovery_e,0.1,Bluetooth/attacks/csv/train/Bluetooth_DoS_train.pcap.csv,20490,0.0005618929862976074,-0.010115563869476318,13,3,21873.50017262823,21873.5
train_bluetooth_catboost_bluetooth_recovery_e,0.1,Bluetooth/attacks/csv/train/Bluetooth_DoS_train.pcap.csv,20510,0.0005618929862976074,-0.010115563869476318,13,3,3.0252650103784253,2.830249786376953
train_bluetooth_catboost_bluetooth_recovery_e,0.1,Bluetooth/attacks/csv/train/Bluetooth_DoS_train.pcap.csv,20557,0.0005618929862976074,-0.0007652640342712402,13,2,3.2005473159113302,2.6090221405029297
train_bluetooth_catboost_bluetooth_recovery_e,0.1,Bluetooth/attacks/csv/train/Bluetooth_DoS_train.pcap.csv,20568,0.0005618929862976074,-0.010115563869476318,13,1,2.551177978515625,2.551177978515625
train_bluetooth_catboost_bluetooth_recovery_e,0.1,Bluetooth/attacks/csv/train/Bluetooth_DoS_train.pcap.csv,20620,0.0005618929862976074,-0.010115563869476318,13,2,2.746725584904667,2.7461719512939453
train_bluetooth_catboost_bluetooth_recovery_e,0.1,Bluetooth/attacks/csv/train/Bluetooth_DoS_train.pcap.csv,20629,0.0005618929862976074,-0.0007652640342712402,13,2,2.6016614508275753,2.6016082763671875
train_bluetooth_catboost_bluetooth_recovery_e,0.1,Bluetooth/attacks/csv/train/Bluetooth_DoS_train.pcap.csv,20662,0.0005618929862976074,-0.010115563869476318,13,2,1.6910114435424792,1.6867046356201172
train_bluetooth_catboost_bluetooth_recovery_e,0.1,Bluetooth/attacks/csv/train/Bluetooth_DoS_train.pcap.csv,20818,0.0005618929862976074,-0.010115563869476318,13,4,14.939133785544445,10.482139587402344
train_bluetooth_catboost_bluetooth_recovery_e,0.1,Bluetooth/attacks/csv/train/Bluetooth_DoS_train.pcap.csv,20822,0.0005618929862976074,-0.010115563869476318,13,1,1.0107402801513672,1.0107402801513672
train_bluetooth_catboost_bluetooth_recovery_e,0.1,Bluetooth/attacks/csv/train/Bluetooth_DoS_train.pcap.csv,20832,0.0005618929862976074,-0.010115563869476318,13,1,2.1269588470458984,2.1269588470458984
train_bluetooth_catboost_bluetooth_recovery_e,0.1,Bluetooth/attacks/csv/train/Bluetooth_DoS_train.pcap.csv,20846,0.0005618929862976074,-0.010115563869476318,13,4,514022.57908872183,513583.0
train_bluetooth_catboost_bluetooth_recovery_e,0.1,Bluetooth/attacks/csv/train/Bluetooth_DoS_train.pcap.csv,20871,0.0005618929862976074,-0.0007652640342712402,13,1,1.082071304321289,1.082071304321289
train_bluetooth_catboost_bluetooth_recovery_e,0.1,Bluetooth/attacks/csv/train/Bluetooth_DoS_train.pcap.csv,20896,0.0005618929862976074,-0.010115563869476318,13,1,1.6372871398925781,1.6372871398925781
train_bluetooth_catboost_bluetooth_recovery_e,0.1,Bluetooth/attacks/csv/train/Bluetooth_DoS_train.pcap.csv,20901,0.0005618929862976074,-0.010115563869476318,13,4,19.905031148561875,14.043144226074219
train_bluetooth_catboost_bluetooth_recovery_e,0.1,Bluetooth/attacks/csv/train/Bluetooth_DoS_train.pcap.csv,20921,0.0005618929862976074,-0.010115563869476318,13,3,2.0858631745354637,1.8290958404541016
train_bluetooth_catboost_bluetooth_recovery_e,0.1,Bluetooth/attacks/csv/train/Bluetooth_DoS_train.pcap.csv,20975,0.0005618929862976074,-0.010115563869476318,13,4,563433.3644060263,562951.5
train_bluetooth_catboost_bluetooth_recovery_e,0.1,Bluetooth/attacks/csv/train/Bluetooth_DoS_train.pcap.csv,21017,0.0005618929862976074,-0.0007652640342712402,13,2,6.771688614439739,6.30206298828125
train_bluetooth_catboost_bluetooth_recovery_e,0.1,Bluetooth/attacks/csv/train/Bluetooth_DoS_train.pcap.csv,21031,0.0005618929862976074,-0.0007652640342712402,13,3,20.94613574640915,14.702812194824219
train_bluetooth_catboost_bluetooth_recovery_e,0.1,Bluetooth/attacks/csv/train/Bluetooth_DoS_train.pcap.csv,21050,0.0005618929862976074,-0.010115563869476318,13,2,2.851573895887475,2.8515548706054688
train_bluetooth_catboost_bluetooth_recovery_e,0.1,Bluetooth/attacks/csv/train/Bluetooth_DoS_train.pcap.csv,21095,0.0005618929862976074,-0.010115563869476318,13,2,1.8787259567255092,1.7327442169189453
train_bluetooth_catboost_bluetooth_recovery_e,0.1,Bluetooth/attacks/csv/train/Bluetooth_DoS_train.pcap.csv,21103,0.0005618929862976074,-0.010115563869476318,13,4,219639.00001780485,219639.0
train_bluetooth_catboost_bluetooth_recovery_e,0.1,Bluetooth/attacks/csv/train/Bluetooth_DoS_train.pcap.csv,21116,0.0005618929862976074,-0.0007652640342712402,16,3,5.605599944525527,5.5
train_bluetooth_catboost_bluetooth_recovery_e,0.1,Bluetooth/attacks/csv/train/Bluetooth_DoS_train.pcap.csv,21142,0.0005618929862976074,-0.010115563869476318,13,1,1.773477554321289,1.773477554321289
train_bluetooth_catboost_bluetooth_recovery_e,0.1,Bluetooth/attacks/csv/train/Bluetooth_DoS_train.pcap.csv,21147,0.0005618929862976074,-0.010115563869476318,13,2,1.5435560783319575,1.3634700775146484
train_bluetooth_catboost_bluetooth_recovery_e,0.1,Bluetooth/attacks/csv/train/Bluetooth_DoS_train.pcap.csv,21154,0.0005618929862976074,-0.010115563869476318,13,4,686060.315570117,685473.5
train_bluetooth_catboost_bluetooth_recovery_e,0.1,Bluetooth/attacks/csv/train/Bluetooth_DoS_train.pcap.csv,21158,0.0005618929862976074,-0.010115563869476318,13,1,1.9566879272460938,1.9566879272460938
train_bluetooth_catboost_bluetooth_recovery_e,0.1,Bluetooth/attacks/csv/train/Bluetooth_DoS_train.pcap.csv,21174,0.0005618929862976074,-0.010115563869476318,13,4,27.45090924998722,19.350624084472656
train_bluetooth_catboost_bluetooth_recovery_e,0.1,Bluetooth/attacks/csv/train/Bluetooth_DoS_train.pcap.csv,21243,0.0005618929862976074,-0.010115563869476318,13,3,6.117369914071379,5.5
train_bluetooth_catboost_bluetooth_recovery_e,0.1,Bluetooth/attacks/csv/train/Bluetooth_DoS_train.pcap.csv,21278,0.0005618929862976074,-0.010115563869476318,16,4,19.8382239007366,13.981010437011719
train_bluetooth_catboost_bluetooth_recovery_e,0.1,Bluetooth/attacks/csv/train/Bluetooth_DoS_train.pcap.csv,21298,0.0005618929862976074,-0.010115563869476318,13,1,1.4037342071533203,1.4037342071533203
train_bluetooth_catboost_bluetooth_recovery_e,0.1,Bluetooth/attacks/csv/train/Bluetooth_DoS_train.pcap.csv,21310,0.0005618929862976074,-0.0007652640342712402,13,1,1.5531940460205078,1.5531940460205078
train_bluetooth_catboost_bluetooth_recovery_e,0.1,Bluetooth/attacks/csv/train/Bluetooth_DoS_train.pcap.csv,21320,0.0005618929862976074,-0.010115563869476318,13,1,1.1130199432373047,1.1130199432373047
train_bluetooth_catboost_bluetooth_recovery_e,0.1,Bluetooth/attacks/csv/train/Bluetooth_DoS_train.pcap.csv,21378,0.0005618929862976074,-0.010115563869476318,13,1,2.6553001403808594,2.6553001403808594
train_bluetooth_catboost_bluetooth_recovery_e,0.1,Bluetooth/attacks/csv/train/Bluetooth_DoS_train.pcap.csv,21393,0.0005618929862976074,-0.010115563869476318,13,2,1.8720650086323867,1.869913101196289
train_bluetooth_catboost_bluetooth_recovery_e,0.1,Bluetooth/attacks/csv/train/Bluetooth_DoS_train.pcap.csv,21404,0.0005618929862976074,-0.010115563869476318,13,4,21316.503435265397,21316.5
train_bluetooth_catboost_bluetooth_recovery_e,0.1,Bluetooth/attacks/csv/train/Bluetooth_DoS_train.pcap.csv,21451,0.0005618929862976074,-0.010115563869476318,13,2,10.041913079342365,9.869598388671875
train_bluetooth_catboost_bluetooth_recovery_e,0.1,Bluetooth/attacks/csv/train/Bluetooth_DoS_train.pcap.csv,21471,0.0005618929862976074,-0.010115563869476318,13,3,2.1144134486907022,1.4974794387817383
train_bluetooth_catboost_bluetooth_recovery_e,0.1,Bluetooth/attacks/csv/train/Bluetooth_DoS_train.pcap.csv,21476,0.0005618929862976074,-0.0007652640342712402,13,3,11.667925707360887,8.13458251953125
train_bluetooth_catboost_bluetooth_recovery_e,0.1,Bluetooth/attacks/csv/train/Bluetooth_DoS_train.pcap.csv,21483,0.0005618929862976074,-0.010115563869476318,13,4,512559.9966886864,512121.5
train_bluetooth_catboost_bluetooth_recovery_e,0.1,Bluetooth/attacks/csv/train/Bluetooth_DoS_train.pcap.csv,21488,0.0005618929862976074,-0.010115563869476318,13,2,2.9647889126319225,2.275369644165039
train_bluetooth_catboost_bluetooth_recovery_e,0.1,Bluetooth/attacks/csv/train/Bluetooth_DoS_train.pcap.csv,21545,0.0005618929862976074,-0.0007652640342712402,13,4,892331.9314046797,891568.5
train_bluetooth_catboost_bluetooth_recovery_e,0.1,Bluetooth/attacks/csv/train/Bluetooth_DoS_train.pcap.csv,21551,0.0005618929862976074,-0.0007652640342712402,13,3,1.9537482883364687,1.678426742553711
train_bluetooth_catboost_bluetooth_recovery_e,0.1,Bluetooth/attacks/csv/train/Bluetooth_DoS_train.pcap.csv,21569,0.0005618929862976074,-0.0007652640342712402,13,1,1.1764659881591797,1.1764659881591797
train_bluetooth_catboost_bluetooth_recovery_e,0.1,Bluetooth/attacks/csv/train/Bluetooth_DoS_train.pcap.csv,21570,0.0005618929862976074,-0.010115563869476318,13,3,836450.6240171607,835735.0
train_bluetooth_catboost_bluetooth_recovery_e,0.1,Bluetooth/attacks/csv/train/Bluetooth_DoS_train.pcap.csv,21629,0.0005618929862976074,-0.010115563869476318,13,1,1.7404804229736328,1.7404804229736328
train_bluetooth_catboost_bluetooth_recovery_e,0.1,Bluetooth/attacks/csv/train/Bluetooth_DoS_train.pcap.csv,21636,0.0005618929862976074,-0.010115563869476318,13,1,1.446298599243164,1.446298599243164
train_bluetooth_catboost_bluetooth_recovery_e,0.1,Bluetooth/attacks/csv/train/Bluetooth_DoS_train.pcap.csv,21680,0.0005618929862976074,-0.010115563869476318,13,2,2.6277429406089876,2.0210723876953125
train_bluetooth_catboost_bluetooth_recovery_e,0.1,Bluetooth/attacks/csv/train/Bluetooth_DoS_train.pcap.csv,21696,0.0005618929862976074,-0.0007652640342712402,13,2,2.181554469658187,2.1815319061279297
train_bluetooth_catboost_bluetooth_recovery_e,0.1,Bluetooth/attacks/csv/train/Bluetooth_DoS_train.pcap.csv,21700,0.0005618929862976074,-0.010115563869476318,13,1,2.0554962158203125,2.0554962158203125
train_bluetooth_catboost_bluetooth_recovery_e,0.1,Bluetooth/attacks/csv/train/Bluetooth_DoS_train.pcap.csv,21742,0.0005618929862976074,-0.010115563869476318,13,2,2.193863228810274,1.867340087890625
train_bluetooth_catboost_bluetooth_recovery_e,0.1,Bluetooth/attacks/csv/train/Bluetooth_DoS_train.pcap.csv,21759,0.0005618929862976074,-0.010115563869476318,13,2,6.625972062277513,6.0
train_bluetooth_catboost_bluetooth_recovery_e,0.1,Bluetooth/attacks/csv/train/Bluetooth_DoS_train.pcap.csv,21763,0.0005618929862976074,-0.0007652640342712402,13,3,173783.50000940377,173783.5
train_bluetooth_catboost_bluetooth_recovery_e,0.1,Bluetooth/attacks/csv/train/Bluetooth_DoS_train.pcap.csv,21770,0.0005618929862976074,-0.0007652640342712402,13,4,405904.3222487519,405557.0
train_bluetooth_catboost_bluetooth_recovery_e,0.1,Bluetooth/attacks/csv/train/Bluetooth_DoS_train.pcap.csv,21776,0.0005618929862976074,-0.010115563869476318,13,1,2.627321243286133,2.627321243286133
train_bluetooth_catboost_bluetooth_recovery_e,0.1,Bluetooth/attacks/csv/train/Bluetooth_DoS_train.pcap.csv,21790,0.0005618929862976074,-0.010115563869476318,13,3,1003887.4887174563,1003028.5
train_bluetooth_catboost_bluetooth_recovery_e,0.1,Bluetooth/attacks/csv/train/Bluetooth_DoS_train.pcap.csv,21799,0.0005618929862976074,-0.010115563869476318,13,3,2.8854642540152846,2.3453636169433594
train_bluetooth_catboost_bluetooth_recovery_e,0.1,Bluetooth/attacks/csv/train/Bluetooth_DoS_train.pcap.csv,21849,0.0005618929862976074,-0.0007652640342712402,13,1,2.6280899047851562,2.6280899047851562
train_bluetooth_catboost_bluetooth_recovery_e,0.1,Bluetooth/attacks/csv/train/Bluetooth_DoS_train.pcap.csv,21865,0.0005618929862976074,-0.010115563869476318,13,3,11.182434441835731,7.806861877441406
train_bluetooth_catboost_bluetooth_recovery_e,0.1,Bluetooth/attacks/csv/train/Bluetooth_DoS_train.pcap.csv,21894,0.0005618929862976074,-0.010115563869476318,13,3,3.4761258234862287,3.0
train_bluetooth_catboost_bluetooth_recovery_e,0.1,Bluetooth/attacks/csv/train/Bluetooth_DoS_train.pcap.csv,21948,0.0005618929862976074,-0.010115563869476318,13,3,2.1193292420418297,1.8542041778564453
train_bluetooth_catboost_bluetooth_recovery_e,0.1,Bluetooth/attacks/csv/train/Bluetooth_DoS_train.pcap.csv,21966,0.0005618929862976074,-0.010115563869476318,13,3,7.715576986943201,7.4846649169921875
train_bluetooth_catboost_bluetooth_recovery_e,0.1,Bluetooth/attacks/csv/train/Bluetooth_DoS_train.pcap.csv,21967,0.0005618929862976074,-0.010115563869476318,13,4,865407.5747751403,864667.0
train_bluetooth_catboost_bluetooth_recovery_e,0.1,Bluetooth/attacks/csv/train/Bluetooth_DoS_train.pcap.csv,21982,0.0005618929862976074,-0.0007652640342712402,13,2,1.675645699900877,1.529592514038086
train_bluetooth_catboost_bluetooth_recovery_e,0.1,Bluetooth/attacks/csv/train/Bluetooth_DoS_train.pcap.csv,22027,0.0005618929862976074,-0.0007652640342712402,13,2,2.05575972073942,1.994028091430664
train_bluetooth_catboost_bluetooth_recovery_e,0.1,Bluetooth/attacks/csv/train/Bluetooth_DoS_train.pcap.csv,22047,0.0005618929862976074,-0.010115563869476318,13,1,2.379627227783203,2.379627227783203
train_bluetooth_catboost_bluetooth_recovery_e,0.1,Bluetooth/attacks/csv/train/Bluetooth_DoS_train.pcap.csv,22066,0.0005618929862976074,-0.010115563869476318,13,2,2.721065521241043,2.7210655212402344
train_bluetooth_catboost_bluetooth_recovery_e,0.1,Bluetooth/attacks/csv/train/Bluetooth_DoS_train.pcap.csv,22094,0.0005618929862976074,-0.0007652640342712402,13,3,6.433891474090639,6.0
train_bluetooth_catboost_bluetooth_recovery_e,0.1,Bluetooth/attacks/csv/train/Bluetooth_DoS_train.pcap.csv,22098,0.0005618929862976074,-0.010115563869476318,13,4,708952.7444996894,708346.0
train_bluetooth_catboost_bluetooth_recovery_e,0.1,Bluetooth/attacks/csv/train/Bluetooth_DoS_train.pcap.csv,22099,0.0005618929862976074,-0.010115563869476318,13,2,1.8938350677703537,1.8938350677490234
train_bluetooth_catboost_bluetooth_recovery_e,0.1,Bluetooth/attacks/csv/train/Bluetooth_DoS_train.pcap.csv,22145,0.0005618929862976074,-0.010115563869476318,13,3,28.403399042351747,20.05115509033203
train_bluetooth_catboost_bluetooth_recovery_e,0.1,Bluetooth/attacks/csv/train/Bluetooth_DoS_train.pcap.csv,22158,0.0005618929862976074,-0.010115563869476318,13,3,3.909623314456763,3.0
train_bluetooth_catboost_bluetooth_recovery_e,0.1,Bluetooth/attacks/csv/train/Bluetooth_DoS_train.pcap.csv,22161,0.0005618929862976074,-0.010115563869476318,13,1,2.6409454345703125,2.6409454345703125
train_bluetooth_catboost_bluetooth_recovery_e,0.1,Bluetooth/attacks/csv/train/Bluetooth_DoS_train.pcap.csv,22168,0.0005618929862976074,-0.010115563869476318,13,1,1.7778511047363281,1.7778511047363281
train_bluetooth_catboost_bluetooth_recovery_e,0.1,Bluetooth/attacks/csv/train/Bluetooth_DoS_train.pcap.csv,22178,0.0005618929862976074,-0.010115563869476318,13,2,2.7316289835988994,2.727937698364258
train_bluetooth_catboost_bluetooth_recovery_e,0.1,Bluetooth/attacks/csv/train/Bluetooth_DoS_train.pcap.csv,22184,0.0005618929862976074,-0.010115563869476318,16,5,20841.507566404616,20841.5
train_bluetooth_catboost_bluetooth_recovery_e,0.1,Bluetooth/attacks/csv/train/Bluetooth_DoS_train.pcap.csv,22234,0.0005618929862976074,-0.010115563869476318,13,1,1.2702655792236328,1.2702655792236328
train_bluetooth_catboost_bluetooth_recovery_e,0.1,Bluetooth/attacks/csv/train/Bluetooth_DoS_train.pcap.csv,22250,0.0005618929862976074,-0.010115563869476318,13,3,3.3501314016235018,2.7227725982666016
train_bluetooth_catboost_bluetooth_recovery_e,0.1,Bluetooth/attacks/csv/train/Bluetooth_DoS_train.pcap.csv,22255,0.0005618929862976074,-0.010115563869476318,13,4,25.823286749022113,18.24188232421875
train_bluetooth_catboost_bluetooth_recovery_e,0.1,Bluetooth/attacks/csv/train/Bluetooth_DoS_train.pcap.csv,22262,0.0005618929862976074,-0.0007652640342712402,13,3,1.8599976745803555,1.5683040618896484
train_bluetooth_catboost_bluetooth_recovery_e,0.1,Bluetooth/attacks/csv/train/Bluetooth_DoS_train.pcap.csv,22278,0.0005618929862976074,-0.010115563869476318,13,1,1.0350589752197266,1.0350589752197266
train_bluetooth_catboost_bluetooth_recovery_e,0.1,Bluetooth/attacks/csv/train/Bluetooth_DoS_train.pcap.csv,22283,0.0005618929862976074,-0.010115563869476318,13,4,944916.7730651326,944108.0
train_bluetooth_catboost_bluetooth_recovery_e,0.1,Bluetooth/attacks/csv/train/Bluetooth_DoS_train.pcap.csv,22306,0.0005618929862976074,-0.010115563869476318,13,4,301758.0000155459,301758.0
train_bluetooth_catboost_bluetooth_recovery_e,0.1,Bluetooth/attacks/csv/train/Bluetooth_DoS_train.pcap.csv,22307,0.0005618929862976074,-0.010115563869476318,13,2,2.3912395292888675,2.391223907470703
train_bluetooth_catboost_bluetooth_recovery_e,0.1,Bluetooth/attacks/csv/train/Bluetooth_DoS_train.pcap.csv,22311,0.0005618929862976074,-0.010115563869476318,13,4,20764.0001360317,20764.0
train_bluetooth_catboost_bluetooth_recovery_e,0.1,Bluetooth/attacks/csv/train/Bluetooth_DoS_train.pcap.csv,22315,0.0005618929862976074,-0.010115563869476318,13,2,1.980380199836422,1.8638496398925781
train_bluetooth_catboost_bluetooth_recovery_e,0.1,Bluetooth/attacks/csv/train/Bluetooth_DoS_train.pcap.csv,22320,0.0005618929862976074,-0.010115563869476318,13,4,20.84001827056527,14.543830871582031
train_bluetooth_catboost_bluetooth_recovery_e,0.1,Bluetooth/attacks/csv/train/Bluetooth_DoS_train.pcap.csv,22359,0.0005618929862976074,-0.010115563869476318,13,3,20734.50012792275,20734.5
train_bluetooth_catboost_bluetooth_recovery_e,0.1,Bluetooth/attacks/csv/train/Bluetooth_DoS_train.pcap.csv,22399,0.0005618929862976074,-0.010115563869476318,13,1,1.2414894104003906,1.2414894104003906
train_bluetooth_catboost_bluetooth_recovery_e,0.1,Bluetooth/attacks/csv/train/Bluetooth_DoS_train.pcap.csv,22424,0.0005618929862976074,-0.010115563869476318,13,2,2.0881590449035214,1.9796009063720703
train_bluetooth_catboost_bluetooth_recovery_e,0.1,Bluetooth/attacks/csv/train/Bluetooth_DoS_train.pcap.csv,22443,0.0005618929862976074,-0.010115563869476318,13,2,2.4500301842676677,2.45001220703125
train_bluetooth_catboost_bluetooth_recovery_e,0.1,Bluetooth/attacks/csv/train/Bluetooth_DoS_train.pcap.csv,22453,0.0005618929862976074,-0.010115563869476318,13,4,20677.50017505301,20677.5
train_bluetooth_catboost_bluetooth_recovery_e,0.1,Bluetooth/attacks/csv/train/Bluetooth_DoS_train.pcap.csv,22458,0.0005618929862976074,-0.010115563869476318,13,1,1.7664356231689453,1.7664356231689453
train_bluetooth_catboost_bluetooth_recovery_e,0.1,Bluetooth/attacks/csv/train/Bluetooth_DoS_train.pcap.csv,22459,0.0005618929862976074,-0.010115563869476318,13,3,19.97337765079466,14.102561950683594
train_bluetooth_catboost_bluetooth_recovery_e,0.1,Bluetooth/attacks/csv/train/Bluetooth_DoS_train.pcap.csv,22463,0.0005618929862976074,-0.010115563869476318,13,2,2.9510563748557996,2.776460647583008
train_bluetooth_catboost_bluetooth_recovery_e,0.1,Bluetooth/attacks/csv/train/Bluetooth_DoS_train.pcap.csv,22470,0.0005618929862976074,-0.010115563869476318,13,1,2.527566909790039,2.527566909790039
train_bluetooth_catboost_bluetooth_recovery_e,0.1,Bluetooth/attacks/csv/train/Bluetooth_DoS_train.pcap.csv,22497,0.0005618929862976074,-0.010115563869476318,13,2,2.035478589876973,1.7728996276855469
train_bluetooth_catboost_bluetooth_recovery_e,0.1,Bluetooth/attacks/csv/train/Bluetooth_DoS_train.pcap.csv,22510,0.0005618929862976074,-0.010115563869476318,13,2,1.2036909527664053,1.006103515625
train_bluetooth_catboost_bluetooth_recovery_e,0.1,Bluetooth/attacks/csv/train/Bluetooth_DoS_train.pcap.csv,22514,0.0005618929862976074,-0.0007652640342712402,13,3,20.79168924741729,14.684242248535156
train_bluetooth_catboost_bluetooth_recovery_e,0.1,Bluetooth/attacks/csv/train/Bluetooth_DoS_train.pcap.csv,22516,0.0005618929862976074,-0.0007652640342712402,13,3,8.58163061371638,8.442718505859375
train_bluetooth_catboost_bluetooth_recovery_e,0.1,Bluetooth/attacks/csv/train/Bluetooth_DoS_train.pcap.csv,22523,0.0005618929862976074,-0.010115563869476318,13,4,666014.6359432817,665444.5
train_bluetooth_catboost_bluetooth_recovery_e,0.1,Bluetooth/attacks/csv/train/Bluetooth_DoS_train.pcap.csv,22526,0.0005618929862976074,-0.010115563869476318,13,2,1.282868938472832,1.282846450805664
train_bluetooth_catboost_bluetooth_recovery_e,0.1,Bluetooth/attacks/csv/train/Bluetooth_DoS_train.pcap.csv,22531,0.0005618929862976074,-0.010115563869476318,13,2,2.2165888794966113,2.116090774536133
train_bluetooth_catboost_bluetooth_recovery_e,0.1,Bluetooth/attacks/csv/train/Bluetooth_DoS_train.pcap.csv,22539,0.0005618929862976074,-0.010115563869476318,13,3,22.845887830964404,16.09668731689453
train_bluetooth_catboost_bluetooth_recovery_e,0.1,Bluetooth/attacks/csv/train/Bluetooth_DoS_train.pcap.csv,22543,0.0005618929862976074,-0.010115563869476318,13,4,20622.50344056799,20622.5
train_bluetooth_catboost_bluetooth_recovery_e,0.1,Bluetooth/attacks/csv/train/Bluetooth_DoS_train.pcap.csv,22595,0.0005618929862976074,-0.010115563869476318,13,5,921816.129265792,921027.0
train_bluetooth_catboost_bluetooth_recovery_e,0.1,Bluetooth/attacks/csv/train/Bluetooth_DoS_train.pcap.csv,22603,0.0005618929862976074,-0.010115563869476318,13,2,2.817308612509401,2.813812255859375
train_bluetooth_catboost_bluetooth_recovery_e,0.1,Bluetooth/attacks/csv/train/Bluetooth_DoS_train.pcap.csv,22605,0.0005618929862976074,-0.010115563869476318,13,2,1.7154149902489135,1.393789291381836
train_bluetooth_catboost_bluetooth_recovery_e,0.1,Bluetooth/attacks/csv/train/Bluetooth_DoS_train.pcap.csv,22623,0.0005618929862976074,-0.010115563869476318,13,3,20574.000187292037,20574.0
train_bluetooth_catboost_bluetooth_recovery_e,0.1,Bluetooth/attacks/csv/train/Bluetooth_DoS_train.pcap.csv,22648,0.0005618929862976074,-0.010115563869476318,13,1,2.090057373046875,2.090057373046875
train_bluetooth_catboost_bluetooth_recovery_e,0.1,Bluetooth/attacks/csv/train/Bluetooth_DoS_train.pcap.csv,22658,0.0005618929862976074,-0.010115563869476318,13,3,21.72963661591991,15.299324035644531
train_bluetooth_catboost_bluetooth_recovery_e,0.1,Bluetooth/attacks/csv/train/Bluetooth_DoS_train.pcap.csv,22707,0.0005618929862976074,-0.010115563869476318,13,1,2.099538803100586,2.099538803100586
train_bluetooth_catboost_bluetooth_recovery_e,0.1,Bluetooth/attacks/csv/train/Bluetooth_DoS_train.pcap.csv,22708,0.0005618929862976074,-0.010115563869476318,13,4,990309.3163228048,989461.5
train_bluetooth_catboost_bluetooth_recovery_e,0.1,Bluetooth/attacks/csv/train/Bluetooth_DoS_train.pcap.csv,22709,0.0005618929862976074,-0.010115563869476318,13,3,2.930402698384009,2.781452178955078
train_bluetooth_catboost_bluetooth_recovery_e,0.1,Bluetooth/attacks/csv/train/Bluetooth_DoS_train.pcap.csv,22717,0.0005618929862976074,-0.010115563869476318,13,4,412306.7357010867,411285.0
train_bluetooth_catboost_bluetooth_recovery_e,0.1,Bluetooth/attacks/csv/train/Bluetooth_DoS_train.pcap.csv,22746,0.0005618929862976074,-0.010115563869476318,13,1,2.141925811767578,2.141925811767578
train_bluetooth_catboost_bluetooth_recovery_e,0.1,Bluetooth/attacks/csv/train/Bluetooth_DoS_train.pcap.csv,22755,0.0005618929862976074,-0.010115563869476318,13,4,16.446681545020294,11.585403442382812
train_bluetooth_catboost_bluetooth_recovery_e,0.1,Bluetooth/attacks/csv/train/Bluetooth_DoS_train.pcap.csv,22776,0.0005618929862976074,-0.010115563869476318,13,3,3.521355077829606,3.0
train_bluetooth_catboost_bluetooth_recovery_e,0.1,Bluetooth/attacks/csv/train/Bluetooth_DoS_train.pcap.csv,22804,0.0005618929862976074,-0.010115563869476318,13,3,573425.9442063858,572935.0
train_bluetooth_catboost_bluetooth_recovery_e,0.1,Bluetooth/attacks/csv/train/Bluetooth_DoS_train.pcap.csv,22814,0.0005618929862976074,-0.010115563869476318,13,2,2.3167045665252006,2.0897655487060547
train_bluetooth_catboost_bluetooth_recovery_e,0.1,Bluetooth/attacks/csv/train/Bluetooth_DoS_train.pcap.csv,22839,0.0005618929862976074,-0.010115563869476318,13,1,2.6338729858398438,2.6338729858398438
train_bluetooth_catboost_bluetooth_recovery_e,0.1,Bluetooth/attacks/csv/train/Bluetooth_DoS_train.pcap.csv,22878,0.0005618929862976074,-0.010115563869476318,13,3,580164.7436181552,579668.0
train_bluetooth_catboost_bluetooth_recovery_e,0.1,Bluetooth/attacks/csv/train/Bluetooth_DoS_train.pcap.csv,22908,0.0005618929862976074,-0.010115563869476318,13,3,968786.9823344012,967957.5
train_bluetooth_catboost_bluetooth_recovery_e,0.1,Bluetooth/attacks/csv/train/Bluetooth_DoS_train.pcap.csv,22921,0.0005618929862976074,-0.010115563869476318,13,1,1.2971363067626953,1.2971363067626953
train_bluetooth_catboost_bluetooth_recovery_e,0.1,Bluetooth/attacks/csv/train/Bluetooth_DoS_train.pcap.csv,22940,0.0005618929862976074,-0.010115563869476318,13,4,228326.00001773497,228326.0
train_bluetooth_catboost_bluetooth_recovery_e,0.1,Bluetooth/attacks/csv/train/Bluetooth_DoS_train.pcap.csv,22950,0.0005618929862976074,-0.010115563869476318,13,3,19.47551068602621,13.641510009765625
train_bluetooth_catboost_bluetooth_recovery_e,0.1,Bluetooth/attacks/csv/train/Bluetooth_DoS_train.pcap.csv,22956,0.0005618929862976074,-0.010115563869476318,13,3,646961.9473933743,646408.0
train_bluetooth_catboost_bluetooth_recovery_e,0.1,Bluetooth/attacks/csv/train/Bluetooth_DoS_train.pcap.csv,22961,0.0005618929862976074,-0.010115563869476318,13,2,2.9423821160667565,2.372831344604492
train_bluetooth_catboost_bluetooth_recovery_e,0.1,Bluetooth/attacks/csv/train/Bluetooth_DoS_train.pcap.csv,22990,0.0005618929862976074,-0.010115563869476318,13,2,1.8054557807162177,1.8054332733154297
train_bluetooth_catboost_bluetooth_recovery_e,0.1,Bluetooth/attacks/csv/train/Bluetooth_DoS_train.pcap.csv,22991,0.0005618929862976074,-0.010115563869476318,13,3,20349.500188440772,20349.5
train_bluetooth_catboost_bluetooth_recovery_e,0.1,Bluetooth/attacks/csv/train/Bluetooth_DoS_train.pcap.csv,22995,0.0005618929862976074,-0.0007652640342712402,13,2,2.371896508611473,2.283872604370117
train_bluetooth_catboost_bluetooth_recovery_e,0.1,Bluetooth/attacks/csv/train/Bluetooth_DoS_train.pcap.csv,22997,0.0005618929862976074,-0.010115563869476318,13,2,2.312441828443633,2.222087860107422
train_bluetooth_catboost_bluetooth_recovery_e,0.1,Bluetooth/attacks/csv/train/Bluetooth_DoS_train.pcap.csv,23035,0.0005618929862976074,-0.010115563869476318,13,1,2.4240264892578125,2.4240264892578125
train_bluetooth_catboost_bluetooth_recovery_e,0.1,Bluetooth/attacks/csv/train/Bluetooth_DoS_train.pcap.csv,23048,0.0005618929862976074,-0.010115563869476318,13,3,984828.7801426627,983985.5
train_bluetooth_catboost_bluetooth_recovery_e,0.1,Bluetooth/attacks/csv/train/Bluetooth_DoS_train.pcap.csv,23069,0.0005618929862976074,-0.010115563869476318,13,1,2.680065155029297,2.680065155029297
train_bluetooth_catboost_bluetooth_recovery_e,0.1,Bluetooth/attacks/csv/train/Bluetooth_DoS_train.pcap.csv,23082,0.0005618929862976074,-0.010115563869476318,13,3,11.39913530287386,8.005500793457031
train_bluetooth_catboost_bluetooth_recovery_e,0.1,Bluetooth/attacks/csv/train/Bluetooth_DoS_train.pcap.csv,23100,0.0005618929862976074,-0.010115563869476318,13,3,13.465117106351569,9.396247863769531
train_bluetooth_catboost_bluetooth_recovery_e,0.1,Bluetooth/attacks/csv/train/Bluetooth_DoS_train.pcap.csv,23155,0.0005618929862976074,-0.010115563869476318,13,3,2.121148571262557,1.6088981628417969
train_bluetooth_catboost_bluetooth_recovery_e,0.1,Bluetooth/attacks/csv/train/Bluetooth_DoS_train.pcap.csv,23218,0.0005618929862976074,-0.010115563869476318,13,3,2.7404713129700835,2.739459991455078
train_bluetooth_catboost_bluetooth_recovery_e,0.1,Bluetooth/attacks/csv/train/Bluetooth_DoS_train.pcap.csv,23229,0.0005618929862976074,-0.010115563869476318,13,2,3.567563301716382,3.0
train_bluetooth_catboost_bluetooth_recovery_e,0.1,Bluetooth/attacks/csv/train/Bluetooth_DoS_train.pcap.csv,23236,0.0005618929862976074,-0.0007652640342712402,13,3,915159.7056072588,914376.0
train_bluetooth_catboost_bluetooth_recovery_e,0.1,Bluetooth/attacks/csv/train/Bluetooth_DoS_train.pcap.csv,23244,0.0005618929862976074,-0.010115563869476318,13,2,2.4804084263426414,2.480405807495117
train_bluetooth_catboost_bluetooth_recovery_e,0.1,Bluetooth/attacks/csv/train/Bluetooth_DoS_train.pcap.csv,23245,0.0005618929862976074,-0.010115563869476318,13,2,8.942788192345839,8.81219482421875
train_bluetooth_catboost_bluetooth_recovery_e,0.1,Bluetooth/attacks/csv/train/Bluetooth_DoS_train.pcap.csv,23247,0.0005618929862976074,-0.010115563869476318,13,3,2.422643126839065,2.3393383026123047
train_bluetooth_catboost_bluetooth_recovery_e,0.1,Bluetooth/attacks/csv/train/Bluetooth_DoS_train.pcap.csv,23257,0.0005618929862976074,-0.0007652640342712402,13,1,2.8266220092773438,2.8266220092773438
train_bluetooth_catboost_bluetooth_recovery_e,0.1,Bluetooth/attacks/csv/train/Bluetooth_DoS_train.pcap.csv,23330,0.0005618929862976074,-0.0007652640342712402,16,4,820776.4138240461,820073.5
train_bluetooth_catboost_bluetooth_recovery_e,0.1,Bluetooth/attacks/csv/train/Bluetooth_DoS_train.pcap.csv,23338,0.0005618929862976074,-0.010115563869476318,13,3,568900.2196123257,568413.0
train_bluetooth_catboost_bluetooth_recovery_e,0.1,Bluetooth/attacks/csv/train/Bluetooth_DoS_train.pcap.csv,23369,0.0005618929862976074,-0.010115563869476318,13,1,1.173879623413086,1.173879623413086
train_bluetooth_catboost_bluetooth_recovery_e,0.1,Bluetooth/attacks/csv/train/Bluetooth_DoS_train.pcap.csv,23378,0.0005618929862976074,-0.010115563869476318,16,3,20106.500043605934,20106.5
train_bluetooth_catboost_bluetooth_recovery_e,0.1,Bluetooth/attacks/csv/train/Bluetooth_DoS_train.pcap.csv,23391,0.0005618929862976074,-0.010115563869476318,16,3,9.753558212500833,9.46502685546875
train_bluetooth_catboost_bluetooth_recovery_e,0.1,Bluetooth/attacks/csv/train/Bluetooth_DoS_train.pcap.csv,23398,0.0005618929862976074,-0.010115563869476318,13,3,12.425971865654065,8.728057861328125
train_bluetooth_catboost_bluetooth_recovery_e,0.1,Bluetooth/attacks/csv/train/Bluetooth_DoS_train.pcap.csv,23450,0.0005618929862976074,-0.010115563869476318,13,3,1.2418361717611384,1.0750846862792969
train_bluetooth_catboost_bluetooth_recovery_e,0.1,Bluetooth/attacks/csv/train/Bluetooth_DoS_train.pcap.csv,23475,0.0005618929862976074,-0.010115563869476318,16,2,1.6686230496786938,1.668619155883789
train_bluetooth_catboost_bluetooth_recovery_e,0.1,Bluetooth/attacks/csv/train/Bluetooth_DoS_train.pcap.csv,23482,0.0005618929862976074,-0.010115563869476318,13,3,20043.500134257698,20043.5
train_bluetooth_catboost_bluetooth_recovery_e,0.1,Bluetooth/attacks/csv/train/Bluetooth_DoS_train.pcap.csv,23485,0.0005618929862976074,-0.010115563869476318,13,1,2.419525146484375,2.419525146484375
train_bluetooth_catboost_bluetooth_recovery_e,0.1,Bluetooth/attacks/csv/train/Bluetooth_DoS_train.pcap.csv,23500,0.0005618929862976074,-0.010115563869476318,13,1,1.1141071319580078,1.1141071319580078
train_bluetooth_catboost_bluetooth_recovery_e,0.1,Bluetooth/attacks/csv/train/Bluetooth_DoS_train.pcap.csv,23533,0.0005618929862976074,-0.0007652640342712402,13,1,1.7272205352783203,1.7272205352783203
train_bluetooth_catboost_bluetooth_recovery_e,0.1,Bluetooth/attacks/csv/train/Bluetooth_DoS_train.pcap.csv,23542,0.0005618929862976074,-0.010115563869476318,13,2,2.3976393836336505,2.316652297973633
train_bluetooth_catboost_bluetooth_recovery_e,0.1,Bluetooth/attacks/csv/train/Bluetooth_DoS_train.pcap.csv,23543,0.0005618929862976074,-0.010115563869476318,13,3,2.121266566208893,2.1162376403808594
train_bluetooth_catboost_bluetooth_recovery_e,0.1,Bluetooth/attacks/csv/train/Bluetooth_DoS_train.pcap.csv,23547,0.0005618929862976074,-0.010115563869476318,13,1,1.6332435607910156,1.6332435607910156
train_bluetooth_catboost_bluetooth_recovery_e,0.1,Bluetooth/attacks/csv/train/Bluetooth_DoS_train.pcap.csv,23565,0.0005618929862976074,-0.010115563869476318,13,2,2.842409754507375,2.660694122314453
train_bluetooth_catboost_bluetooth_recovery_e,0.1,Bluetooth/attacks/csv/train/Bluetooth_DoS_train.pcap.csv,23573,0.0005618929862976074,-0.010115563869476318,13,2,1.4412177148444671,1.4392147064208984
train_bluetooth_catboost_bluetooth_recovery_e,0.1,Bluetooth/attacks/csv/train/Bluetooth_DoS_train.pcap.csv,23592,0.0005618929862976074,-0.0007652640342712402,13,1,1.5298099517822266,1.5298099517822266
train_bluetooth_catboost_bluetooth_recovery_e,0.1,Bluetooth/attacks/csv/train/Bluetooth_DoS_train.pcap.csv,23594,0.0005618929862976074,-0.0007652640342712402,13,1,2.045085906982422,2.045085906982422
train_bluetooth_catboost_bluetooth_recovery_e,0.1,Bluetooth/attacks/csv/train/Bluetooth_DoS_train.pcap.csv,23615,0.0005618929862976074,-0.010115563869476318,13,2,1.9914488942970017,1.9914302825927734
train_bluetooth_catboost_bluetooth_recovery_e,0.1,Bluetooth/attacks/csv/train/Bluetooth_DoS_train.pcap.csv,23631,0.0005618929862976074,-0.010115563869476318,13,3,6.885871032623895,6.5
train_bluetooth_catboost_bluetooth_recovery_e,0.1,Bluetooth/attacks/csv/train/Bluetooth_DoS_train.pcap.csv,23634,0.0005618929862976074,-0.010115563869476318,13,3,19957.500098820226,19957.5
train_bluetooth_catboost_bluetooth_recovery_e,0.1,Bluetooth/attacks/csv/train/Bluetooth_DoS_train.pcap.csv,23637,0.0005618929862976074,-0.010115563869476318,13,3,919810.851356946,919023.0
train_bluetooth_catboost_bluetooth_recovery_e,0.1,Bluetooth/attacks/csv/train/Bluetooth_DoS_train.pcap.csv,23640,0.0005618929862976074,-0.010115563869476318,13,3,1.7077729428965005,1.706930160522461
train_bluetooth_catboost_bluetooth_recovery_e,0.1,Bluetooth/attacks/csv/train/Bluetooth_DoS_train.pcap.csv,23670,0.0005618929862976074,-0.010115563869476318,13,2,3.8750227254359317,3.0
train_bluetooth_catboost_bluetooth_recovery_e,0.1,Bluetooth/attacks/csv/train/Bluetooth_DoS_train.pcap.csv,23720,0.0005618929862976074,-0.010115563869476318,13,2,1.6970870324028777,1.583333969116211
train_bluetooth_catboost_bluetooth_recovery_e,0.1,Bluetooth/attacks/csv/train/Bluetooth_DoS_train.pcap.csv,23731,0.0005618929862976074,-0.010115563869476318,13,4,247041.00001793363,247041.0
train_bluetooth_catboost_bluetooth_recovery_e,0.1,Bluetooth/attacks/csv/train/Bluetooth_DoS_train.pcap.csv,23746,0.0005618929862976074,-0.010115563869476318,13,3,26.408378810316442,18.62097930908203
train_bluetooth_catboost_bluetooth_recovery_e,0.1,Bluetooth/attacks/csv/train/Bluetooth_DoS_train.pcap.csv,23786,0.0005618929862976074,-0.010115563869476318,13,2,7.825477934227353,7.54364013671875
train_bluetooth_catboost_bluetooth_recovery_e,0.1,Bluetooth/attacks/csv/train/Bluetooth_DoS_train.pcap.csv,23793,0.0005618929862976074,-0.010115563869476318,13,2,3.3051930372647402,3.0
train_bluetooth_catboost_bluetooth_recovery_e,0.1,Bluetooth/attacks/csv/train/Bluetooth_DoS_train.pcap.csv,23794,0.0005618929862976074,-0.010115563869476318,13,1,2.408445358276367,2.408445358276367
train_bluetooth_catboost_bluetooth_recovery_e,0.1,Bluetooth/attacks/csv/train/Bluetooth_DoS_train.pcap.csv,23804,0.0005618929862976074,-0.0007652640342712402,13,1,2.1867103576660156,2.1867103576660156
train_bluetooth_catboost_bluetooth_recovery_e,0.1,Bluetooth/attacks/csv/train/Bluetooth_DoS_train.pcap.csv,23862,0.0005618929862976074,-0.010115563869476318,13,2,2.0013024403523314,1.9075603485107422
train_bluetooth_catboost_bluetooth_recovery_e,0.1,Bluetooth/attacks/csv/train/Bluetooth_DoS_train.pcap.csv,23873,0.0005618929862976074,-0.010115563869476318,13,3,898654.8330143449,897885.0
train_bluetooth_catboost_bluetooth_recovery_e,0.1,Bluetooth/attacks/csv/train/Bluetooth_DoS_train.pcap.csv,23890,0.0005618929862976074,-0.0007652640342712402,13,2,1.3372744520034592,1.3240203857421875
train_bluetooth_catboost_bluetooth_recovery_e,0.1,Bluetooth/attacks/csv/train/Bluetooth_DoS_train.pcap.csv,23893,0.0005618929862976074,-0.010115563869476318,13,2,3.702638177303294,3.0
train_bluetooth_catboost_bluetooth_recovery_e,0.1,Bluetooth/attacks/csv/train/Bluetooth_DoS_train.pcap.csv,23907,0.0005618929862976074,-0.010115563869476318,13,4,647581.2637664619,647026.5
train_bluetooth_catboost_bluetooth_recovery_e,0.1,Bluetooth/attacks/csv/train/Bluetooth_DoS_train.pcap.csv,23917,0.0005618929862976074,-0.010115563869476318,13,1,2.5463428497314453,2.5463428497314453
train_bluetooth_catboost_bluetooth_recovery_e,0.1,Bluetooth/attacks/csv/train/Bluetooth_DoS_train.pcap.csv,23925,0.0005618929862976074,-0.010115563869476318,13,2,1.3379114383548472,1.1943721771240234
train_bluetooth_catboost_bluetooth_recovery_e,0.1,Bluetooth/attacks/csv/train/Bluetooth_DoS_train.pcap.csv,23942,0.0005618929862976074,-0.010115563869476318,13,1,1.0477714538574219,1.0477714538574219
train_bluetooth_catboost_bluetooth_recovery_e,0.1,Bluetooth/attacks/csv/train/Bluetooth_DoS_train.pcap.csv,23943,0.0005618929862976074,-0.010115563869476318,13,3,7.170729148693967,6.5
train_bluetooth_catboost_bluetooth_recovery_e,0.1,Bluetooth/attacks/csv/train/Bluetooth_DoS_train.pcap.csv,23976,0.0005618929862976074,-0.010115563869476318,13,5,237664.5008225843,237664.5
train_bluetooth_catboost_bluetooth_recovery_e,0.1,Bluetooth/attacks/csv/train/Bluetooth_DoS_train.pcap.csv,23997,0.0005618929862976074,-0.010115563869476318,13,2,1.7968573600018016,1.6936779022216797
train_bluetooth_catboost_bluetooth_recovery_e,0.1,Bluetooth/attacks/csv/train/Bluetooth_DoS_train.pcap.csv,24014,0.0005618929862976074,-0.0007652640342712402,13,4,664856.5820409778,664287.0
train_bluetooth_catboost_bluetooth_recovery_e,0.1,Bluetooth/attacks/csv/train/Bluetooth_DoS_train.pcap.csv,24022,0.0005618929862976074,-0.010115563869476318,13,1,1.2141361236572266,1.2141361236572266
train_bluetooth_catboost_bluetooth_recovery_e,0.1,Bluetooth/attacks/csv/train/Bluetooth_DoS_train.pcap.csv,24030,0.0005618929862976074,-0.010115563869476318,13,2,6.128398932376298,6.0
train_bluetooth_catboost_bluetooth_recovery_e,0.1,Bluetooth/attacks/csv/train/Bluetooth_DoS_train.pcap.csv,24034,0.0005618929862976074,-0.010115563869476318,13,2,2.442745002716513,2.3910255432128906
train_bluetooth_catboost_bluetooth_recovery_e,0.1,Bluetooth/attacks/csv/train/Bluetooth_DoS_train.pcap.csv,24050,0.0005618929862976074,-0.010115563869476318,13,4,1.536689225820581,1.4087657928466797
train_bluetooth_catboost_bluetooth_recovery_e,0.1,Bluetooth/attacks/csv/train/Bluetooth_DoS_train.pcap.csv,24051,0.0005618929862976074,-0.010115563869476318,13,3,5.933758012122651,5.5562744140625
train_bluetooth_catboost_bluetooth_recovery_e,0.1,Bluetooth/attacks/csv/train/Bluetooth_DoS_train.pcap.csv,24054,0.0005618929862976074,-0.0007652640342712402,13,3,19695.000071543378,19695.0
train_bluetooth_catboost_bluetooth_recovery_e,0.1,Bluetooth/attacks/csv/train/Bluetooth_DoS_train.pcap.csv,24061,0.0005618929862976074,-0.010115563869476318,13,4,11.89912584548055,8.189949035644531
train_bluetooth_catboost_bluetooth_recovery_e,0.1,Bluetooth/attacks/csv/train/Bluetooth_DoS_train.pcap.csv,24092,0.0005618929862976074,-0.010115563869476318,13,1,2.605457305908203,2.605457305908203
train_bluetooth_catboost_bluetooth_recovery_e,0.1,Bluetooth/attacks/csv/train/Bluetooth_DoS_train.pcap.csv,24097,0.0005618929862976074,-0.010115563869476318,13,2,2.0889372287476666,2.0889339447021484
train_bluetooth_catboost_bluetooth_recovery_e,0.1,Bluetooth/attacks/csv/train/Bluetooth_DoS_train.pcap.csv,24145,0.0005618929862976074,-0.0007652640342712402,13,1,2.0349559783935547,2.0349559783935547
train_bluetooth_catboost_bluetooth_recovery_e,0.1,Bluetooth/attacks/csv/train/Bluetooth_DoS_train.pcap.csv,24153,0.0005618929862976074,-0.010115563869476318,13,1,1.2389698028564453,1.2389698028564453
train_bluetooth_catboost_bluetooth_recovery_e,0.1,Bluetooth/attacks/csv/train/Bluetooth_DoS_train.pcap.csv,24173,0.0005618929862976074,-0.010115563869476318,13,4,28.480778981040604,20.075820922851562
train_bluetooth_catboost_bluetooth_recovery_e,0.1,Bluetooth/attacks/csv/train/Bluetooth_DoS_train.pcap.csv,24187,0.0005618929862976074,-0.010115563869476318,13,4,13.082551914293736,9.204139709472656
train_bluetooth_catboost_bluetooth_recovery_e,0.1,Bluetooth/attacks/csv/train/Bluetooth_DoS_train.pcap.csv,24196,0.0005618929862976074,-0.010115563869476318,13,1,1.9265060424804688,1.9265060424804688
train_bluetooth_catboost_bluetooth_recovery_e,0.1,Bluetooth/attacks/csv/train/Bluetooth_DoS_train.pcap.csv,24241,0.0005618929862976074,-0.0007652640342712402,13,4,248415.00010332355,248415.0
train_bluetooth_catboost_bluetooth_recovery_e,0.1,Bluetooth/attacks/csv/train/Bluetooth_DoS_train.pcap.csv,24246,0.0005618929862976074,-0.010115563869476318,13,3,749827.9494096037,749185.5
train_bluetooth_catboost_bluetooth_recovery_e,0.1,Bluetooth/attacks/csv/train/Bluetooth_DoS_train.pcap.csv,24249,0.0005618929862976074,-0.0007652640342712402,13,3,2.5655201332496853,2.496623992919922
train_bluetooth_catboost_bluetooth_recovery_e,0.1,Bluetooth/attacks/csv/train/Bluetooth_DoS_train.pcap.csv,24288,0.0005618929862976074,-0.010115563869476318,13,1,1.0695114135742188,1.0695114135742188
train_bluetooth_catboost_bluetooth_recovery_e,0.1,Bluetooth/attacks/csv/train/Bluetooth_DoS_train.pcap.csv,24302,0.0005618929862976074,-0.0007652640342712402,13,2,2.4373018267586692,2.4372482299804688
train_bluetooth_catboost_bluetooth_recovery_e,0.1,Bluetooth/attacks/csv/train/Bluetooth_DoS_train.pcap.csv,24331,0.0005618929862976074,-0.010115563869476318,13,3,19526.000036012505,19526.0
train_bluetooth_catboost_bluetooth_recovery_e,0.1,Bluetooth/attacks/csv/train/Bluetooth_DoS_train.pcap.csv,24339,0.0005618929862976074,-0.010115563869476318,13,5,26.118078321083154,18.39612579345703
train_bluetooth_catboost_bluetooth_recovery_e,0.1,Bluetooth/attacks/csv/train/Bluetooth_DoS_train.pcap.csv,24362,0.0005618929862976074,-0.010115563869476318,13,1,2.827167510986328,2.827167510986328
train_bluetooth_catboost_bluetooth_recovery_e,0.1,Bluetooth/attacks/csv/train/Bluetooth_DoS_train.pcap.csv,24374,0.0005618929862976074,-0.010115563869476318,13,1,1.2811737060546875,1.2811737060546875
train_bluetooth_catboost_bluetooth_recovery_e,0.1,Bluetooth/attacks/csv/train/Bluetooth_DoS_train.pcap.csv,24381,0.0005618929862976074,-0.010115563869476318,13,1,1.9557647705078125,1.9557647705078125
train_bluetooth_catboost_bluetooth_recovery_e,0.1,Bluetooth/attacks/csv/train/Bluetooth_DoS_train.pcap.csv,24398,0.0005618929862976074,-0.010115563869476318,13,1,1.6383838653564453,1.6383838653564453
train_bluetooth_catboost_bluetooth_recovery_e,0.1,Bluetooth/attacks/csv/train/Bluetooth_DoS_train.pcap.csv,24442,0.0005618929862976074,-0.010115563869476318,13,2,1.9354781381589463,1.9354610443115234
train_bluetooth_catboost_bluetooth_recovery_e,0.1,Bluetooth/attacks/csv/train/Bluetooth_DoS_train.pcap.csv,24450,0.0005618929862976074,-0.010115563869476318,13,2,1.0113752815637758,1.0079021453857422
train_bluetooth_catboost_bluetooth_recovery_e,0.1,Bluetooth/attacks/csv/train/Bluetooth_DoS_train.pcap.csv,24459,0.0005618929862976074,-0.010115563869476318,13,2,2.0409571879737856,1.9559974670410156
train_bluetooth_catboost_bluetooth_recovery_e,0.1,Bluetooth/attacks/csv/train/Bluetooth_DoS_train.pcap.csv,24472,0.0005618929862976074,-0.010115563869476318,13,1,1.0899715423583984,1.0899715423583984
train_bluetooth_catboost_bluetooth_recovery_e,0.1,Bluetooth/attacks/csv/train/Bluetooth_DoS_train.pcap.csv,24501,0.0005618929862976074,-0.0007652640342712402,13,2,1.9433569673454947,1.6163902282714844
train_bluetooth_catboost_bluetooth_recovery_e,0.1,Bluetooth/attacks/csv/train/Bluetooth_DoS_train.pcap.csv,24516,0.0005618929862976074,-0.010115563869476318,13,1,2.802450180053711,2.802450180053711
train_bluetooth_catboost_bluetooth_recovery_e,0.1,Bluetooth/attacks/csv/train/Bluetooth_DoS_train.pcap.csv,24538,0.0005618929862976074,-0.010115563869476318,13,3,2.1350845775162837,2.054830551147461
train_bluetooth_catboost_bluetooth_recovery_e,0.1,Bluetooth/attacks/csv/train/Bluetooth_DoS_train.pcap.csv,24552,0.0005618929862976074,-0.0007652640342712402,13,3,1.2389013536216975,1.1335182189941406
train_bluetooth_catboost_bluetooth_recovery_e,0.1,Bluetooth/attacks/csv/train/Bluetooth_DoS_train.pcap.csv,24577,0.0005618929862976074,-0.010115563869476318,13,2,2.68865067971108,2.688638687133789
train_bluetooth_catboost_bluetooth_recovery_e,0.1,Bluetooth/attacks/csv/train/Bluetooth_DoS_train.pcap.csv,24579,0.0005618929862976074,-0.010115563869476318,13,1,2.8418731689453125,2.8418731689453125
train_bluetooth_catboost_bluetooth_recovery_e,0.1,Bluetooth/attacks/csv/train/Bluetooth_DoS_train.pcap.csv,24605,0.0005618929862976074,-0.010115563869476318,13,3,11.81912944850822,8.267784118652344
train_bluetooth_catboost_bluetooth_recovery_e,0.1,Bluetooth/attacks/csv/train/Bluetooth_DoS_train.pcap.csv,24628,0.0005618929862976074,-0.0007652640342712402,13,3,28.863283927389308,20.35833740234375
train_bluetooth_catboost_bluetooth_recovery_e,0.1,Bluetooth/attacks/csv/train/Bluetooth_DoS_train.pcap.csv,24641,0.0005618929862976074,-0.010115563869476318,13,4,19337.000182963093,19337.0
train_bluetooth_catboost_bluetooth_recovery_e,0.1,Bluetooth/attacks/csv/train/Bluetooth_DoS_train.pcap.csv,24642,0.0005618929862976074,-0.010115563869476318,13,2,1.3282554398514397,1.1968555450439453
train_bluetooth_catboost_bluetooth_recovery_e,0.1,Bluetooth/attacks/csv/train/Bluetooth_DoS_train.pcap.csv,24647,0.0005618929862976074,-0.0007652640342712402,13,1,2.5273685455322266,2.5273685455322266
train_bluetooth_catboost_bluetooth_recovery_e,0.1,Bluetooth/attacks/csv/train/Bluetooth_DoS_train.pcap.csv,24660,0.0005618929862976074,-0.0007652640342712402,13,1,2.5811901092529297,2.5811901092529297
train_bluetooth_catboost_bluetooth_recovery_e,0.1,Bluetooth/attacks/csv/train/Bluetooth_DoS_train.pcap.csv,24666,0.0005618929862976074,-0.010115563869476318,13,2,2.0003776550294514,2.000377655029297
train_bluetooth_catboost_bluetooth_recovery_e,0.1,Bluetooth/attacks/csv/train/Bluetooth_DoS_train.pcap.csv,24700,0.0005618929862976074,-0.010115563869476318,13,1,1.433624267578125,1.433624267578125
train_bluetooth_catboost_bluetooth_recovery_e,0.1,Bluetooth/attacks/csv/train/Bluetooth_DoS_train.pcap.csv,24707,0.0005618929862976074,-0.010115563869476318,13,1,1.0066757202148438,1.0066757202148438
train_bluetooth_catboost_bluetooth_recovery_e,0.1,Bluetooth/attacks/csv/train/Bluetooth_DoS_train.pcap.csv,24715,0.0005618929862976074,-0.010115563869476318,13,2,1.9113071886511117,1.8232784271240234
train_bluetooth_catboost_bluetooth_recovery_e,0.1,Bluetooth/attacks/csv/train/Bluetooth_DoS_train.pcap.csv,24737,0.0005618929862976074,-0.010115563869476318,13,2,2.7411301327385615,2.0912837982177734
train_bluetooth_catboost_bluetooth_recovery_e,0.1,Bluetooth/attacks/csv/train/Bluetooth_DoS_train.pcap.csv,24742,0.0005618929862976074,-0.0007652640342712402,13,2,6.472869626220249,6.275360107421875
train_bluetooth_catboost_bluetooth_recovery_e,0.1,Bluetooth/attacks/csv/train/Bluetooth_DoS_train.pcap.csv,24771,0.0005618929862976074,-0.010115563869476318,13,2,2.2148881222374732,2.2081985473632812
train_bluetooth_catboost_bluetooth_recovery_e,0.1,Bluetooth/attacks/csv/train/Bluetooth_DoS_train.pcap.csv,24805,0.0005618929862976074,-0.010115563869476318,13,4,19237.00010155742,19237.0
train_bluetooth_catboost_bluetooth_recovery_e,0.1,Bluetooth/attacks/csv/train/Bluetooth_DoS_train.pcap.csv,24821,0.0005618929862976074,-0.010115563869476318,13,1,1.7806339263916016,1.7806339263916016
train_bluetooth_catboost_bluetooth_recovery_e,0.1,Bluetooth/attacks/csv/train/Bluetooth_DoS_train.pcap.csv,24849,0.0005618929862976074,-0.010115563869476318,13,4,16.38530646077348,10.541130065917969
train_bluetooth_catboost_bluetooth_recovery_e,0.1,Bluetooth/attacks/csv/train/Bluetooth_DoS_train.pcap.csv,24888,0.0005618929862976074,-0.0007652640342712402,13,2,1.5228487815268767,1.413299560546875
train_bluetooth_catboost_bluetooth_recovery_e,0.1,Bluetooth/attacks/csv/train/Bluetooth_DoS_train.pcap.csv,24930,0.0005618929862976074,-0.010115563869476318,13,1,1.662130355834961,1.662130355834961
train_bluetooth_catboost_bluetooth_recovery_e,0.1,Bluetooth/attacks/csv/train/Bluetooth_DoS_train.pcap.csv,24943,0.0005618929862976074,-0.010115563869476318,13,1,1.0393142700195312,1.0393142700195312
train_bluetooth_catboost_bluetooth_recovery_e,0.1,Bluetooth/attacks/csv/train/Bluetooth_DoS_train.pcap.csv,24987,0.0005618929862976074,-0.010115563869476318,13,3,15.869883201479439,11.04949951171875
train_bluetooth_catboost_bluetooth_recovery_e,0.1,Bluetooth/attacks/csv/train/Bluetooth_DoS_train.pcap.csv,24992,0.0005618929862976074,-0.010115563869476318,13,3,26.409425035756414,18.609779357910156
train_bluetooth_catboost_bluetooth_recovery_e,0.1,Bluetooth/attacks/csv/train/Bluetooth_DoS_train.pcap.csv,24995,0.0005618929862976074,-0.010115563869476318,13,1,2.3972854614257812,2.3972854614257812
train_bluetooth_catboost_bluetooth_recovery_e,0.1,Bluetooth/attacks/csv/train/Bluetooth_DoS_train.pcap.csv,25022,0.0005618929862976074,-0.010115563869476318,13,1,2.0966262817382812,2.0966262817382812
train_bluetooth_catboost_bluetooth_recovery_e,0.1,Bluetooth/attacks/csv/train/Bluetooth_DoS_train.pcap.csv,25101,0.0005618929862976074,-0.010115563869476318,13,3,11.918096002236014,11.807403564453125
train_bluetooth_catboost_bluetooth_recovery_e,0.1,Bluetooth/attacks/csv/train/Bluetooth_DoS_train.pcap.csv,25103,0.0005618929862976074,-0.010115563869476318,13,1,2.2287521362304688,2.2287521362304688
train_bluetooth_catboost_bluetooth_recovery_e,0.1,Bluetooth/attacks/csv/train/Bluetooth_DoS_train.pcap.csv,25123,0.0005618929862976074,-0.010115563869476318,13,2,1.3957506153535204,1.3957157135009766
train_bluetooth_catboost_bluetooth_recovery_e,0.1,Bluetooth/attacks/csv/train/Bluetooth_DoS_train.pcap.csv,25189,0.0005618929862976074,-0.010115563869476318,13,1,1.8474998474121094,1.8474998474121094
train_bluetooth_catboost_bluetooth_recovery_e,0.1,Bluetooth/attacks/csv/train/Bluetooth_DoS_train.pcap.csv,25210,0.0005618929862976074,-0.010115563869476318,13,1,2.8190040588378906,2.8190040588378906
train_bluetooth_catboost_bluetooth_recovery_e,0.1,Bluetooth/attacks/csv/train/Bluetooth_DoS_train.pcap.csv,25239,0.0005618929862976074,-0.010115563869476318,13,1,1.1979618072509766,1.1979618072509766
train_bluetooth_catboost_bluetooth_recovery_e,0.1,Bluetooth/attacks/csv/train/Bluetooth_DoS_train.pcap.csv,25265,0.0005618929862976074,-0.010115563869476318,13,4,642605.3973449735,642055.5
train_bluetooth_catboost_bluetooth_recovery_e,0.1,Bluetooth/attacks/csv/train/Bluetooth_DoS_train.pcap.csv,25335,0.0005618929862976074,-0.010115563869476318,13,1,1.699331283569336,1.699331283569336
train_bluetooth_catboost_bluetooth_recovery_e,0.1,Bluetooth/attacks/csv/train/Bluetooth_DoS_train.pcap.csv,25352,0.0005618929862976074,-0.010115563869476318,13,4,24211.000056591885,24211.0
train_bluetooth_catboost_bluetooth_recovery_e,0.1,Bluetooth/attacks/csv/train/Bluetooth_DoS_train.pcap.csv,25357,0.0005618929862976074,-0.010115563869476318,13,3,436763.7624969315,436390.0
train_bluetooth_catboost_bluetooth_recovery_e,0.1,Bluetooth/attacks/csv/train/Bluetooth_DoS_train.pcap.csv,25372,0.0005618929862976074,-0.014446496963500977,16,3,1.5350422309872334,1.5207958221435547
train_bluetooth_catboost_bluetooth_recovery_e,0.1,Bluetooth/attacks/csv/train/Bluetooth_DoS_train.pcap.csv,25378,0.0005618929862976074,-0.010115563869476318,13,3,635350.7099144117,634807.0
train_bluetooth_catboost_bluetooth_recovery_e,0.1,Bluetooth/attacks/csv/train/Bluetooth_DoS_train.pcap.csv,25389,0.0005618929862976074,-0.010115563869476318,13,2,1.3482569879600983,1.141357421875
train_bluetooth_catboost_bluetooth_recovery_e,0.1,Bluetooth/attacks/csv/train/Bluetooth_DoS_train.pcap.csv,25394,0.0005618929862976074,-0.010115563869476318,13,1,1.9150428771972656,1.9150428771972656
train_bluetooth_catboost_bluetooth_recovery_e,0.1,Bluetooth/attacks/csv/train/Bluetooth_DoS_train.pcap.csv,25433,0.0005618929862976074,-0.010115563869476318,13,2,1.6246163183272229,1.6176681518554688
train_bluetooth_catboost_bluetooth_recovery_e,0.1,Bluetooth/attacks/csv/train/Bluetooth_DoS_train.pcap.csv,25437,0.0005618929862976074,-0.010115563869476318,13,3,6.924964067241453,6.5
train_bluetooth_catboost_bluetooth_recovery_e,0.1,Bluetooth/attacks/csv/train/Bluetooth_DoS_train.pcap.csv,25452,0.0005618929862976074,-0.010115563869476318,16,2,2.208640654656099,2.1513004302978516
train_bluetooth_catboost_bluetooth_recovery_e,0.1,Bluetooth/attacks/csv/train/Bluetooth_DoS_train.pcap.csv,25478,0.0005618929862976074,-0.010115563869476318,13,2,2.3326361172963175,2.325481414794922
train_bluetooth_catboost_bluetooth_recovery_e,0.1,Bluetooth/attacks/csv/train/Bluetooth_DoS_train.pcap.csv,25483,0.0005618929862976074,-0.0007652640342712402,13,4,24131.00005336818,24131.0
train_bluetooth_catboost_bluetooth_recovery_e,0.1,Bluetooth/attacks/csv/train/Bluetooth_DoS_train.pcap.csv,25498,0.0005618929862976074,-0.010115563869476318,13,2,6.7678723385920705,6.5
train_bluetooth_catboost_bluetooth_recovery_e,0.1,Bluetooth/attacks/csv/train/Bluetooth_DoS_train.pcap.csv,25505,0.0005618929862976074,-0.010115563869476318,13,1,1.0192832946777344,1.0192832946777344
train_bluetooth_catboost_bluetooth_recovery_e,0.1,Bluetooth/attacks/csv/train/Bluetooth_DoS_train.pcap.csv,25513,0.0005618929862976074,-0.010115563869476318,13,1,2.3201675415039062,2.3201675415039062
train_bluetooth_catboost_bluetooth_recovery_e,0.1,Bluetooth/attacks/csv/train/Bluetooth_DoS_train.pcap.csv,25525,0.0005618929862976074,-0.010115563869476318,13,1,1.7648506164550781,1.7648506164550781
train_bluetooth_catboost_bluetooth_recovery_e,0.1,Bluetooth/attacks/csv/train/Bluetooth_DoS_train.pcap.csv,25535,0.0005618929862976074,-0.010115563869476318,13,1,1.9946937561035156,1.9946937561035156
train_bluetooth_catboost_bluetooth_recovery_e,0.1,Bluetooth/attacks/csv/train/Bluetooth_DoS_train.pcap.csv,25561,0.0005618929862976074,-0.010115563869476318,13,1,2.1151866912841797,2.1151866912841797
train_bluetooth_catboost_bluetooth_recovery_e,0.1,Bluetooth/attacks/csv/train/Bluetooth_DoS_train.pcap.csv,25576,0.0005618929862976074,-0.010115563869476318,13,3,7.184275447635839,7.0
train_bluetooth_catboost_bluetooth_recovery_e,0.1,Bluetooth/attacks/csv/train/Bluetooth_DoS_train.pcap.csv,25595,0.0005618929862976074,-0.0007652640342712402,13,1,2.5744857788085938,2.5744857788085938
train_bluetooth_catboost_bluetooth_recovery_e,0.1,Bluetooth/attacks/csv/train/Bluetooth_DoS_train.pcap.csv,25608,0.0005618929862976074,-0.0007652640342712402,13,2,6.313462256944946,5.7043304443359375
train_bluetooth_catboost_bluetooth_recovery_e,0.1,Bluetooth/attacks/csv/train/Bluetooth_DoS_train.pcap.csv,25665,0.0005618929862976074,-0.010115563869476318,13,4,840600.4577958138,839881.0
train_bluetooth_catboost_bluetooth_recovery_e,0.1,Bluetooth/attacks/csv/train/Bluetooth_DoS_train.pcap.csv,25705,0.0005618929862976074,-0.010115563869476318,13,3,23996.00003027493,23996.0
train_bluetooth_catboost_bluetooth_recovery_e,0.1,Bluetooth/attacks/csv/train/Bluetooth_DoS_train.pcap.csv,25744,0.0005618929862976074,-0.010115563869476318,13,3,12.100324141131399,8.524307250976562
train_bluetooth_catboost_bluetooth_recovery_e,0.1,Bluetooth/attacks/csv/train/Bluetooth_DoS_train.pcap.csv,25746,0.0005618929862976074,-0.010115563869476318,13,3,2.797788783926689,2.7064342498779297
train_bluetooth_catboost_bluetooth_recovery_e,0.1,Bluetooth/attacks/csv/train/Bluetooth_DoS_train.pcap.csv,25753,0.0005618929862976074,-0.0007652640342712402,13,3,23966.50008171476,23966.5
train_bluetooth_catboost_bluetooth_recovery_e,0.1,Bluetooth/attacks/csv/train/Bluetooth_DoS_train.pcap.csv,25766,0.0005618929862976074,-0.010115563869476318,13,3,406978.5000051454,406978.5
train_bluetooth_catboost_bluetooth_recovery_e,0.1,Bluetooth/attacks/csv/train/Bluetooth_DoS_train.pcap.csv,25776,0.0005618929862976074,-0.0007652640342712402,13,4,9.851209782180373,6.590747833251953
train_bluetooth_catboost_bluetooth_recovery_e,0.1,Bluetooth/attacks/csv/train/Bluetooth_DoS_train.pcap.csv,25780,0.0005618929862976074,-0.010115563869476318,13,1,2.652811050415039,2.652811050415039
train_bluetooth_catboost_bluetooth_recovery_e,0.1,Bluetooth/attacks/csv/train/Bluetooth_DoS_train.pcap.csv,25809,0.0005618929862976074,-0.010115563869476318,13,2,1.589183646971228,1.5891780853271484
train_bluetooth_catboost_bluetooth_recovery_e,0.1,Bluetooth/attacks/csv/train/Bluetooth_DoS_train.pcap.csv,25826,0.0005618929862976074,-0.010115563869476318,13,2,2.615718131739678,2.2701797485351562
train_bluetooth_catboost_bluetooth_recovery_e,0.1,Bluetooth/attacks/csv/train/Bluetooth_DoS_train.pcap.csv,25830,0.0005618929862976074,-0.0007652640342712402,13,3,456475.7344028581,456085.0
train_bluetooth_catboost_bluetooth_recovery_e,0.1,Bluetooth/attacks/csv/train/Bluetooth_DoS_train.pcap.csv,25831,0.0005618929862976074,-0.010115563869476318,13,2,2.129899047988777,2.0115528106689453
train_bluetooth_catboost_bluetooth_recovery_e,0.1,Bluetooth/attacks/csv/train/Bluetooth_DoS_train.pcap.csv,25844,0.0005618929862976074,-0.010115563869476318,13,2,1.6653744645482154,1.5113105773925781
train_bluetooth_catboost_bluetooth_recovery_e,0.1,Bluetooth/attacks/csv/train/Bluetooth_DoS_train.pcap.csv,25865,0.0005618929862976074,-0.010115563869476318,13,4,7.684488787273311,5.238033294677734
train_bluetooth_catboost_bluetooth_recovery_e,0.1,Bluetooth/attacks/csv/train/Bluetooth_DoS_train.pcap.csv,25901,0.0005618929862976074,-0.010115563869476318,13,3,9.217861805973225,7.0
train_bluetooth_catboost_bluetooth_recovery_e,0.1,Bluetooth/attacks/csv/train/Bluetooth_DoS_train.pcap.csv,25927,0.0005618929862976074,-0.010115563869476318,13,4,789442.7605953694,788767.0
train_bluetooth_catboost_bluetooth_recovery_e,0.1,Bluetooth/attacks/csv/train/Bluetooth_DoS_train.pcap.csv,25932,0.0005618929862976074,-0.010115563869476318,13,4,7.884852076423994,5.379955291748047
train_bluetooth_catboost_bluetooth_recovery_e,0.1,Bluetooth/attacks/csv/train/Bluetooth_DoS_train.pcap.csv,25941,0.0005618929862976074,-0.0007652640342712402,13,3,735042.710347591,734413.5
train_bluetooth_catboost_bluetooth_recovery_e,0.1,Bluetooth/attacks/csv/train/Bluetooth_DoS_train.pcap.csv,25961,0.0005618929862976074,-0.010115563869476318,13,3,23840.000155807153,23840.0
train_bluetooth_catboost_bluetooth_recovery_e,0.1,Bluetooth/attacks/csv/train/Bluetooth_DoS_train.pcap.csv,25969,0.0005618929862976074,-0.010115563869476318,13,3,6.755382312798828,6.5
train_bluetooth_catboost_bluetooth_recovery_e,0.1,Bluetooth/attacks/csv/train/Bluetooth_DoS_train.pcap.csv,25974,0.0005618929862976074,-0.010115563869476318,13,1,2.313528060913086,2.313528060913086
train_bluetooth_catboost_bluetooth_recovery_e,0.1,Bluetooth/attacks/csv/train/Bluetooth_DoS_train.pcap.csv,25986,0.0005618929862976074,-0.010115563869476318,13,2,1.0374899015038939,1.0145034790039062
train_bluetooth_catboost_bluetooth_recovery_e,0.1,Bluetooth/attacks/csv/train/Bluetooth_DoS_train.pcap.csv,26006,0.0005618929862976074,-0.010115563869476318,13,1,1.619476318359375,1.619476318359375
train_bluetooth_catboost_bluetooth_recovery_e,0.1,Bluetooth/attacks/csv/train/Bluetooth_DoS_train.pcap.csv,26012,0.0005618929862976074,-0.010115563869476318,13,3,2.8135847299411147,2.7268810272216797
train_bluetooth_catboost_bluetooth_recovery_e,0.1,Bluetooth/attacks/csv/train/Bluetooth_DoS_train.pcap.csv,26047,0.0005618929862976074,-0.010115563869476318,13,1,2.4932289123535156,2.4932289123535156
train_bluetooth_catboost_bluetooth_recovery_e,0.1,Bluetooth/attacks/csv/train/Bluetooth_DoS_train.pcap.csv,26062,0.0005618929862976074,-0.010115563869476318,13,2,10.679163434002813,10.462814331054688
train_bluetooth_catboost_bluetooth_recovery_e,0.1,Bluetooth/attacks/csv/train/Bluetooth_DoS_train.pcap.csv,26090,0.0005618929862976074,-0.010115563869476318,13,2,2.5318887857388503,2.531871795654297
train_bluetooth_catboost_bluetooth_recovery_e,0.1,Bluetooth/attacks/csv/train/Bluetooth_DoS_train.pcap.csv,26101,0.0005618929862976074,-0.010115563869476318,13,4,244008.00001535335,244008.0
train_bluetooth_catboost_bluetooth_recovery_e,0.1,Bluetooth/attacks/csv/train/Bluetooth_DoS_train.pcap.csv,26105,0.0005618929862976074,-0.010115563869476318,13,2,6.594463278488833,6.5
train_bluetooth_catboost_bluetooth_recovery_e,0.1,Bluetooth/attacks/csv/train/Bluetooth_DoS_train.pcap.csv,26116,0.0005618929862976074,-0.010115563869476318,13,4,744140.5397145301,743503.5
train_bluetooth_catboost_bluetooth_recovery_e,0.1,Bluetooth/attacks/csv/train/Bluetooth_DoS_train.pcap.csv,26118,0.0005618929862976074,-0.010115563869476318,13,3,23744.000070464273,23744.0
train_bluetooth_catboost_bluetooth_recovery_e,0.1,Bluetooth/attacks/csv/train/Bluetooth_DoS_train.pcap.csv,26161,0.0005618929862976074,-0.010115563869476318,13,2,2.7003942118520223,2.5076770782470703
train_bluetooth_catboost_bluetooth_recovery_e,0.1,Bluetooth/attacks/csv/train/Bluetooth_DoS_train.pcap.csv,26183,0.0005618929862976074,-0.010115563869476318,13,1,1.2685832977294922,1.2685832977294922
train_bluetooth_catboost_bluetooth_recovery_e,0.1,Bluetooth/attacks/csv/train/Bluetooth_DoS_train.pcap.csv,26207,0.0005618929862976074,-0.010115563869476318,13,4,861514.5643946762,860777.0
train_bluetooth_catboost_bluetooth_recovery_e,0.1,Bluetooth/attacks/csv/train/Bluetooth_DoS_train.pcap.csv,26232,0.0005618929862976074,-0.010115563869476318,13,2,2.3902716078065627,2.3821582794189453
train_bluetooth_catboost_bluetooth_recovery_e,0.1,Bluetooth/attacks/csv/train/Bluetooth_DoS_train.pcap.csv,26280,0.0005618929862976074,-0.010115563869476318,13,2,1.6237014826503664,1.2732963562011719
train_bluetooth_catboost_bluetooth_recovery_e,0.1,Bluetooth/attacks/csv/train/Bluetooth_DoS_train.pcap.csv,26309,0.0005618929862976074,-0.010115563869476318,13,2,3.570200879754602,3.0
train_bluetooth_catboost_bluetooth_recovery_e,0.1,Bluetooth/attacks/csv/train/Bluetooth_DoS_train.pcap.csv,26346,0.0005618929862976074,-0.010115563869476318,13,2,1.6128244959357567,1.610748291015625
train_bluetooth_catboost_bluetooth_recovery_e,0.1,Bluetooth/attacks/csv/train/Bluetooth_DoS_train.pcap.csv,26356,0.0005618929862976074,-0.0007652640342712402,13,3,12.180422323326917,11.828720092773438
train_bluetooth_catboost_bluetooth_recovery_e,0.1,Bluetooth/attacks/csv/train/Bluetooth_DoS_train.pcap.csv,26370,0.0005618929862976074,-0.010115563869476318,13,4,23590.50023272833,23590.5
train_bluetooth_catboost_bluetooth_recovery_e,0.1,Bluetooth/attacks/csv/train/Bluetooth_DoS_train.pcap.csv,26414,0.0005618929862976074,-0.0007652640342712402,13,3,2.7001688606839473,1.9214611053466797
train_bluetooth_catboost_bluetooth_recovery_e,0.1,Bluetooth/attacks/csv/train/Bluetooth_DoS_train.pcap.csv,26422,0.0005618929862976074,-0.010115563869476318,13,3,23559.000141556797,23559.0
train_bluetooth_catboost_bluetooth_recovery_e,0.1,Bluetooth/attacks/csv/train/Bluetooth_DoS_train.pcap.csv,26451,0.0005618929862976074,-0.010115563869476318,13,1,1.3898849487304688,1.3898849487304688
train_bluetooth_catboost_bluetooth_recovery_e,0.1,Bluetooth/attacks/csv/train/Bluetooth_DoS_train.pcap.csv,26467,0.0005618929862976074,-0.010115563869476318,13,2,1.8962010267137874,1.8961963653564453
train_bluetooth_catboost_bluetooth_recovery_e,0.1,Bluetooth/attacks/csv/train/Bluetooth_DoS_train.pcap.csv,26469,0.0005618929862976074,-0.010115563869476318,13,1,1.1099510192871094,1.1099510192871094
train_bluetooth_catboost_bluetooth_recovery_e,0.1,Bluetooth/attacks/csv/train/Bluetooth_DoS_train.pcap.csv,26492,0.0005618929862976074,-0.010115563869476318,13,1,2.546854019165039,2.546854019165039
train_bluetooth_catboost_bluetooth_recovery_e,0.1,Bluetooth/attacks/csv/train/Bluetooth_DoS_train.pcap.csv,26506,0.0005618929862976074,-0.010115563869476318,13,3,12.436932700515431,12.373641967773438
train_bluetooth_catboost_bluetooth_recovery_e,0.1,Bluetooth/attacks/csv/train/Bluetooth_DoS_train.pcap.csv,26556,0.0005618929862976074,-0.010115563869476318,13,2,2.166223069380062,2.1662063598632812
train_bluetooth_catboost_bluetooth_recovery_e,0.1,Bluetooth/attacks/csv/train/Bluetooth_DoS_train.pcap.csv,26558,0.0005618929862976074,-0.010115563869476318,13,3,3.297762602628986,2.7991180419921875
train_bluetooth_catboost_bluetooth_recovery_e,0.1,Bluetooth/attacks/csv/train/Bluetooth_DoS_train.pcap.csv,26568,0.0005618929862976074,-0.010115563869476318,13,1,1.6004066467285156,1.6004066467285156
train_bluetooth_catboost_bluetooth_recovery_e,0.1,Bluetooth/attacks/csv/train/Bluetooth_DoS_train.pcap.csv,26584,0.0005618929862976074,-0.010115563869476318,13,5,596241.5412499676,595731.0
train_bluetooth_catboost_bluetooth_recovery_e,0.1,Bluetooth/attacks/csv/train/Bluetooth_DoS_train.pcap.csv,26602,0.0005618929862976074,-0.0007652640342712402,13,2,1.9386090796939788,1.818887710571289
train_bluetooth_catboost_bluetooth_recovery_e,0.1,Bluetooth/attacks/csv/train/Bluetooth_DoS_train.pcap.csv,26606,0.0005618929862976074,-0.010115563869476318,13,4,6.369432904985229,4.077220916748047
train_bluetooth_catboost_bluetooth_recovery_e,0.1,Bluetooth/attacks/csv/train/Bluetooth_DoS_train.pcap.csv,26635,0.0005618929862976074,-0.010115563869476318,13,2,7.128269146970431,7.0
train_bluetooth_catboost_bluetooth_recovery_e,0.1,Bluetooth/attacks/csv/train/Bluetooth_DoS_train.pcap.csv,26649,0.0005618929862976074,-0.010115563869476318,13,3,3.9587216878742395,3.0
train_bluetooth_catboost_bluetooth_recovery_e,0.1,Bluetooth/attacks/csv/train/Bluetooth_DoS_train.pcap.csv,26656,0.0005618929862976074,-0.010115563869476318,13,2,1.9759197804835344,1.9759044647216797
train_bluetooth_catboost_bluetooth_recovery_e,0.1,Bluetooth/attacks/csv/train/Bluetooth_DoS_train.pcap.csv,26660,0.0005618929862976074,-0.010115563869476318,13,4,969222.1130732377,968426.0
train_bluetooth_catboost_bluetooth_recovery_e,0.1,Bluetooth/attacks/csv/train/Bluetooth_DoS_train.pcap.csv,26713,0.0005618929862976074,-0.010115563869476318,13,3,1.6627250927015282,1.253438949584961
train_bluetooth_catboost_bluetooth_recovery_e,0.1,Bluetooth/attacks/csv/train/Bluetooth_DoS_train.pcap.csv,26724,0.0005618929862976074,-0.010115563869476318,13,3,266756.00001026824,266756.0
train_bluetooth_catboost_bluetooth_recovery_e,0.1,Bluetooth/attacks/csv/train/Bluetooth_DoS_train.pcap.csv,26727,0.0005618929862976074,-0.010115563869476318,13,2,2.442944406369363,2.4383068084716797
train_bluetooth_catboost_bluetooth_recovery_e,0.1,Bluetooth/attacks/csv/train/Bluetooth_DoS_train.pcap.csv,26736,0.0005618929862976074,-0.010115563869476318,13,2,2.458450396967807,2.395353317260742
train_bluetooth_catboost_bluetooth_recovery_e,0.1,Bluetooth/attacks/csv/train/Bluetooth_DoS_train.pcap.csv,26741,0.0005618929862976074,-0.010115563869476318,13,1,1.428680419921875,1.428680419921875
train_bluetooth_catboost_bluetooth_recovery_e,0.1,Bluetooth/attacks/csv/train/Bluetooth_DoS_train.pcap.csv,26760,0.0005618929862976074,-0.010115563869476318,13,1,2.269763946533203,2.269763946533203
train_bluetooth_catboost_bluetooth_recovery_e,0.1,Bluetooth/attacks/csv/train/Bluetooth_DoS_train.pcap.csv,26780,0.0005618929862976074,-0.0007652640342712402,13,2,2.4271492942230957,2.4093971252441406
train_bluetooth_catboost_bluetooth_recovery_e,0.1,Bluetooth/attacks/csv/train/Bluetooth_DoS_train.pcap.csv,26799,0.0005618929862976074,-0.0007652640342712402,13,1,1.773336410522461,1.773336410522461
train_bluetooth_catboost_bluetooth_recovery_e,0.1,Bluetooth/attacks/csv/train/Bluetooth_DoS_train.pcap.csv,26800,0.0005618929862976074,-0.010115563869476318,13,3,23328.500062213865,23328.5
train_bluetooth_catboost_bluetooth_recovery_e,0.1,Bluetooth/attacks/csv/train/Bluetooth_DoS_train.pcap.csv,26805,0.0005618929862976074,-0.010115563869476318,13,3,23325.500149836796,23325.5
train_bluetooth_catboost_bluetooth_recovery_e,0.1,Bluetooth/attacks/csv/train/Bluetooth_DoS_train.pcap.csv,26816,0.0005618929862976074,-0.010115563869476318,13,5,656106.8614201943,655545.0
train_bluetooth_catboost_bluetooth_recovery_e,0.1,Bluetooth/attacks/csv/train/Bluetooth_DoS_train.pcap.csv,26822,0.0005618929862976074,-0.010115563869476318,13,1,1.6832199096679688,1.6832199096679688
train_bluetooth_catboost_bluetooth_recovery_e,0.1,Bluetooth/attacks/csv/train/Bluetooth_DoS_train.pcap.csv,26852,0.0005618929862976074,-0.0007652640342712402,13,2,1.2764566225772895,1.272634506225586
train_bluetooth_catboost_bluetooth_recovery_e,0.1,Bluetooth/attacks/csv/train/Bluetooth_DoS_train.pcap.csv,26855,0.0005618929862976074,-0.010115563869476318,13,2,7.175042038535386,7.0
train_bluetooth_catboost_bluetooth_recovery_e,0.1,Bluetooth/attacks/csv/train/Bluetooth_DoS_train.pcap.csv,26876,0.0005618929862976074,-0.010115563869476318,13,1,2.287302017211914,2.287302017211914
train_bluetooth_catboost_bluetooth_recovery_e,0.1,Bluetooth/attacks/csv/train/Bluetooth_DoS_train.pcap.csv,26891,0.0005618929862976074,-0.0007652640342712402,13,1,2.370136260986328,2.370136260986328
train_bluetooth_catboost_bluetooth_recovery_e,0.1,Bluetooth/attacks/csv/train/Bluetooth_DoS_train.pcap.csv,26899,0.0005618929862976074,-0.0007652640342712402,13,3,23268.00008649622,23268.0
train_bluetooth_catboost_bluetooth_recovery_e,0.1,Bluetooth/attacks/csv/train/Bluetooth_DoS_train.pcap.csv,26933,0.0005618929862976074,-0.0007652640342712402,13,3,2.884094053123238,2.8078784942626953
train_bluetooth_catboost_bluetooth_recovery_e,0.1,Bluetooth/attacks/csv/train/Bluetooth_DoS_train.pcap.csv,26938,0.0005618929862976074,-0.010115563869476318,16,3,7.462871659988533,7.0
train_bluetooth_catboost_bluetooth_recovery_e,0.1,Bluetooth/attacks/csv/train/Bluetooth_DoS_train.pcap.csv,26940,0.0005618929862976074,-0.010115563869476318,13,2,1.7868222869675034,1.7854442596435547
train_bluetooth_catboost_bluetooth_recovery_e,0.1,Bluetooth/attacks/csv/train/Bluetooth_DoS_train.pcap.csv,26952,0.0005618929862976074,-0.0007652640342712402,13,3,2.5697773200723946,2.2804431915283203
train_bluetooth_catboost_bluetooth_recovery_e,0.1,Bluetooth/attacks/csv/train/Bluetooth_DoS_train.pcap.csv,26977,0.0005618929862976074,-0.010115563869476318,16,2,2.618741643014405,2.1875038146972656
train_bluetooth_catboost_bluetooth_recovery_e,0.1,Bluetooth/attacks/csv/train/Bluetooth_DoS_train.pcap.csv,27006,0.0005618929862976074,-0.010115563869476318,13,2,1.699440116360505,1.5677413940429688
train_bluetooth_catboost_bluetooth_recovery_e,0.1,Bluetooth/attacks/csv/train/Bluetooth_DoS_train.pcap.csv,27012,0.0005618929862976074,-0.010115563869476318,13,1,1.2321643829345703,1.2321643829345703
train_bluetooth_catboost_bluetooth_recovery_e,0.1,Bluetooth/attacks/csv/train/Bluetooth_DoS_train.pcap.csv,27033,0.0005618929862976074,-0.010115563869476318,13,2,2.0627272252264572,2.0619773864746094
train_bluetooth_catboost_bluetooth_recovery_e,0.1,Bluetooth/attacks/csv/train/Bluetooth_DoS_train.pcap.csv,27076,0.0005618929862976074,-0.010115563869476318,13,3,889871.6487060483,889109.5
train_bluetooth_catboost_bluetooth_recovery_e,0.1,Bluetooth/attacks/csv/train/Bluetooth_DoS_train.pcap.csv,27088,0.0005618929862976074,-0.010115563869476318,13,3,8.044463617540323,5.643669128417969
train_bluetooth_catboost_bluetooth_recovery_e,0.1,Bluetooth/attacks/csv/train/Bluetooth_DoS_train.pcap.csv,27110,0.0005618929862976074,-0.010115563869476318,13,2,2.702110923012985,2.702096939086914
train_bluetooth_catboost_bluetooth_recovery_e,0.1,Bluetooth/attacks/csv/train/Bluetooth_DoS_train.pcap.csv,27181,0.0005618929862976074,-0.010115563869476318,13,3,919257.3402951068,918470.0
train_bluetooth_catboost_bluetooth_recovery_e,0.1,Bluetooth/attacks/csv/train/Bluetooth_DoS_train.pcap.csv,27254,0.0005618929862976074,-0.0007652640342712402,13,2,1.4906281127325787,1.3428382873535156
train_bluetooth_catboost_bluetooth_recovery_e,0.1,Bluetooth/attacks/csv/train/Bluetooth_DoS_train.pcap.csv,27257,0.0005618929862976074,-0.010115563869476318,13,3,7.17814526164257,4.834259033203125
train_bluetooth_catboost_bluetooth_recovery_e,0.1,Bluetooth/attacks/csv/train/Bluetooth_DoS_train.pcap.csv,27278,0.0005618929862976074,-0.010115563869476318,13,3,2.4795311629189905,2.380453109741211
train_bluetooth_catboost_bluetooth_recovery_e,0.1,Bluetooth/attacks/csv/train/Bluetooth_DoS_train.pcap.csv,27284,0.0005618929862976074,-0.010115563869476318,13,2,2.216594416022977,2.154531478881836
train_bluetooth_catboost_bluetooth_recovery_e,0.1,Bluetooth/attacks/csv/train/Bluetooth_DoS_train.pcap.csv,27292,0.0005618929862976074,-0.010115563869476318,13,1,1.7575454711914062,1.7575454711914062
train_bluetooth_catboost_bluetooth_recovery_e,0.1,Bluetooth/attacks/csv/train/Bluetooth_DoS_train.pcap.csv,27295,0.0005618929862976074,-0.010115563869476318,13,3,393324.000004165,393324.0
train_bluetooth_catboost_bluetooth_recovery_e,0.1,Bluetooth/attacks/csv/train/Bluetooth_DoS_train.pcap.csv,27297,0.0005618929862976074,-0.010115563869476318,13,3,2.485818215178615,2.347869873046875
train_bluetooth_catboost_bluetooth_recovery_e,0.1,Bluetooth/attacks/csv/train/Bluetooth_DoS_train.pcap.csv,27334,0.0005618929862976074,-0.010115563869476318,13,4,23003.00003252749,23003.0
train_bluetooth_catboost_bluetooth_recovery_e,0.1,Bluetooth/attacks/csv/train/Bluetooth_DoS_train.pcap.csv,27381,0.0005618929862976074,-0.0007652640342712402,13,3,2.7045891581340094,2.700197219848633
train_bluetooth_catboost_bluetooth_recovery_e,0.1,Bluetooth/attacks/csv/train/Bluetooth_DoS_train.pcap.csv,27404,0.0005618929862976074,-0.0007652640342712402,13,2,1.7140449232895214,1.3933868408203125
train_bluetooth_catboost_bluetooth_recovery_e,0.1,Bluetooth/attacks/csv/train/Bluetooth_DoS_train.pcap.csv,27440,0.0005618929862976074,-0.010115563869476318,13,2,1.753440176505066,1.7534351348876953
train_bluetooth_catboost_bluetooth_recovery_e,0.1,Bluetooth/attacks/csv/train/Bluetooth_DoS_train.pcap.csv,27446,0.0005618929862976074,-0.010115563869476318,13,4,1150737.216713748,1149751.5
train_bluetooth_catboost_bluetooth_recovery_e,0.1,Bluetooth/attacks/csv/train/Bluetooth_DoS_train.pcap.csv,27449,0.0005618929862976074,-0.010115563869476318,13,2,1.325523563838791,1.0541820526123047
train_bluetooth_catboost_bluetooth_recovery_e,0.1,Bluetooth/attacks/csv/train/Bluetooth_DoS_train.pcap.csv,27464,0.0005618929862976074,-0.010115563869476318,13,3,8.30049520581898,5.593059539794922
train_bluetooth_catboost_bluetooth_recovery_e,0.1,Bluetooth/attacks/csv/train/Bluetooth_DoS_train.pcap.csv,27469,0.0005618929862976074,-0.010115563869476318,13,4,8.852501609176946,6.115306854248047
train_bluetooth_catboost_bluetooth_recovery_e,0.1,Bluetooth/attacks/csv/train/Bluetooth_DoS_train.pcap.csv,27473,0.0005618929862976074,-0.010115563869476318,13,2,2.490844080101054,2.3887767791748047
train_bluetooth_catboost_bluetooth_recovery_e,0.1,Bluetooth/attacks/csv/train/Bluetooth_DoS_train.pcap.csv,27491,0.0005618929862976074,-0.0007652640342712402,13,2,3.022810849227029,2.216024398803711
train_bluetooth_catboost_bluetooth_recovery_e,0.1,Bluetooth/attacks/csv/train/Bluetooth_DoS_train.pcap.csv,27527,0.0005618929862976074,-0.0007652640342712402,13,2,1.3830005473203055,1.382974624633789
train_bluetooth_catboost_bluetooth_recovery_e,0.1,Bluetooth/attacks/csv/train/Bluetooth_DoS_train.pcap.csv,27543,0.0005618929862976074,-0.010115563869476318,13,3,6.274242778610796,3.9925804138183594
train_bluetooth_catboost_bluetooth_recovery_e,0.1,Bluetooth/attacks/csv/train/Bluetooth_DoS_train.pcap.csv,27551,0.0005618929862976074,-0.010115563869476318,13,4,22871.000914969383,22871.0
train_bluetooth_catboost_bluetooth_recovery_e,0.1,Bluetooth/attacks/csv/train/Bluetooth_DoS_train.pcap.csv,27555,0.0005618929862976074,-0.010115563869476318,13,4,1045854.9172582305,1044959.0
train_bluetooth_catboost_bluetooth_recovery_e,0.1,Bluetooth/attacks/csv/train/Bluetooth_DoS_train.pcap.csv,27558,0.0005618929862976074,-0.0007652640342712402,13,2,2.739206100221184,2.709320068359375
train_bluetooth_catboost_bluetooth_recovery_e,0.1,Bluetooth/attacks/csv/train/Bluetooth_DoS_train.pcap.csv,27559,0.0005618929862976074,-0.0007652640342712402,13,3,2.4334211493987095,2.1252002716064453
train_bluetooth_catboost_bluetooth_recovery_e,0.1,Bluetooth/attacks/csv/train/Bluetooth_DoS_train.pcap.csv,27584,0.0005618929862976074,-0.0007652640342712402,13,3,6.154793002039442,4.241188049316406
train_bluetooth_catboost_bluetooth_recovery_e,0.1,Bluetooth/attacks/csv/train/Bluetooth_DoS_train.pcap.csv,27590,0.0005618929862976074,-0.010115563869476318,13,2,1.9022708237375638,1.7930240631103516
train_bluetooth_catboost_bluetooth_recovery_e,0.1,Bluetooth/attacks/csv/train/Bluetooth_DoS_train.pcap.csv,27624,0.0005618929862976074,-0.010115563869476318,13,4,10.601333156220184,7.449615478515625
train_bluetooth_catboost_bluetooth_recovery_e,0.1,Bluetooth/attacks/csv/train/Bluetooth_DoS_train.pcap.csv,27625,0.0005618929862976074,-0.010115563869476318,13,1,2.495634078979492,2.495634078979492
train_bluetooth_catboost_bluetooth_recovery_e,0.1,Bluetooth/attacks/csv/train/Bluetooth_DoS_train.pcap.csv,27632,0.0005618929862976074,-0.010115563869476318,13,1,1.3326778411865234,1.3326778411865234
train_bluetooth_catboost_bluetooth_recovery_e,0.1,Bluetooth/attacks/csv/train/Bluetooth_DoS_train.pcap.csv,27635,0.0005618929862976074,-0.010115563869476318,13,1,2.5699386596679688,2.5699386596679688
train_bluetooth_catboost_bluetooth_recovery_e,0.1,Bluetooth/attacks/csv/train/Bluetooth_DoS_train.pcap.csv,27639,0.0005618929862976074,-0.010115563869476318,13,2,2.055509920618223,1.7958621978759766
train_bluetooth_catboost_bluetooth_recovery_e,0.1,Bluetooth/attacks/csv/train/Bluetooth_DoS_train.pcap.csv,27671,0.0005618929862976074,-0.010115563869476318,13,1,1.9942588806152344,1.9942588806152344
train_bluetooth_catboost_bluetooth_recovery_e,0.1,Bluetooth/attacks/csv/train/Bluetooth_DoS_train.pcap.csv,27679,0.0005618929862976074,-0.010115563869476318,13,2,1.1360980660951379,1.1294059753417969
train_bluetooth_catboost_bluetooth_recovery_e,0.1,Bluetooth/attacks/csv/train/Bluetooth_DoS_train.pcap.csv,27686,0.0005618929862976074,-0.010115563869476318,13,1,2.008890151977539,2.008890151977539
train_bluetooth_catboost_bluetooth_recovery_e,0.1,Bluetooth/attacks/csv/train/Bluetooth_DoS_train.pcap.csv,27689,0.0005618929862976074,-0.010115563869476318,13,3,13.70603395818383,9.663921356201172
train_bluetooth_catboost_bluetooth_recovery_e,0.1,Bluetooth/attacks/csv/train/Bluetooth_DoS_train.pcap.csv,27691,0.0005618929862976074,-0.010115563869476318,13,1,1.1595325469970703,1.1595325469970703
train_bluetooth_catboost_bluetooth_recovery_e,0.1,Bluetooth/attacks/csv/train/Bluetooth_DoS_train.pcap.csv,27695,0.0005618929862976074,-0.010115563869476318,13,2,7.112914776908289,7.0
train_bluetooth_catboost_bluetooth_recovery_e,0.1,Bluetooth/attacks/csv/train/Bluetooth_DoS_train.pcap.csv,27700,0.0005618929862976074,-0.010115563869476318,13,3,1.5426664853534293,1.2577800750732422
train_bluetooth_catboost_bluetooth_recovery_e,0.1,Bluetooth/attacks/csv/train/Bluetooth_DoS_train.pcap.csv,27706,0.0005618929862976074,-0.010115563869476318,13,2,2.2877535273376615,2.198902130126953
train_bluetooth_catboost_bluetooth_recovery_e,0.1,Bluetooth/attacks/csv/train/Bluetooth_DoS_train.pcap.csv,27727,0.0005618929862976074,-0.0007652640342712402,13,5,22763.500951128426,22763.5
train_bluetooth_catboost_bluetooth_recovery_e,0.1,Bluetooth/attacks/csv/train/Bluetooth_DoS_train.pcap.csv,27779,0.0005618929862976074,-0.010115563869476318,13,3,865126.1704901468,864385.0
train_bluetooth_catboost_bluetooth_recovery_e,0.1,Bluetooth/attacks/csv/train/Bluetooth_DoS_train.pcap.csv,27812,0.0005618929862976074,-0.010115563869476318,13,4,22712.000082259325,22712.0
train_bluetooth_catboost_bluetooth_recovery_e,0.1,Bluetooth/attacks/csv/train/Bluetooth_DoS_train.pcap.csv,27820,0.0005618929862976074,-0.010115563869476318,13,3,1.6225168198941406,1.4656543731689453
train_bluetooth_catboost_bluetooth_recovery_e,0.1,Bluetooth/attacks/csv/train/Bluetooth_DoS_train.pcap.csv,27828,0.0005618929862976074,-0.010115563869476318,13,1,1.949960708618164,1.949960708618164
train_bluetooth_catboost_bluetooth_recovery_e,0.1,Bluetooth/attacks/csv/train/Bluetooth_DoS_train.pcap.csv,27842,0.0005618929862976074,-0.010115563869476318,13,1,1.7102298736572266,1.7102298736572266
train_bluetooth_catboost_bluetooth_recovery_e,0.1,Bluetooth/attacks/csv/train/Bluetooth_DoS_train.pcap.csv,27881,0.0005618929862976074,-0.010115563869476318,13,3,12.170804386344656,11.9302978515625
train_bluetooth_catboost_bluetooth_recovery_e,0.1,Bluetooth/attacks/csv/train/Bluetooth_DoS_train.pcap.csv,27909,0.0005618929862976074,-0.010115563869476318,13,2,2.1702955407203155,2.166128158569336
train_bluetooth_catboost_bluetooth_recovery_e,0.1,Bluetooth/attacks/csv/train/Bluetooth_DoS_train.pcap.csv,27917,0.0005618929862976074,-0.010115563869476318,13,1,1.3409595489501953,1.3409595489501953
train_bluetooth_catboost_bluetooth_recovery_e,0.1,Bluetooth/attacks/csv/train/Bluetooth_DoS_train.pcap.csv,27944,0.0005618929862976074,-0.0007652640342712402,13,1,1.2345924377441406,1.2345924377441406
train_bluetooth_catboost_bluetooth_recovery_e,0.1,Bluetooth/attacks/csv/train/Bluetooth_DoS_train.pcap.csv,27959,0.0005618929862976074,-0.010115563869476318,13,4,22622.50012303332,22622.5
train_bluetooth_catboost_bluetooth_recovery_e,0.1,Bluetooth/attacks/csv/train/Bluetooth_DoS_train.pcap.csv,27982,0.0005618929862976074,-0.010115563869476318,13,1,1.7072334289550781,1.7072334289550781
train_bluetooth_catboost_bluetooth_recovery_e,0.1,Bluetooth/attacks/csv/train/Bluetooth_DoS_train.pcap.csv,27985,0.0005618929862976074,-0.010115563869476318,13,2,2.7607414285645695,2.7592029571533203
train_bluetooth_catboost_bluetooth_recovery_e,0.1,Bluetooth/attacks/csv/train/Bluetooth_DoS_train.pcap.csv,28022,0.0005618929862976074,-0.0007652640342712402,13,3,23721.00005021852,23721.0
train_bluetooth_catboost_bluetooth_recovery_e,0.1,Bluetooth/attacks/csv/train/Bluetooth_DoS_train.pcap.csv,28043,0.0005618929862976074,-0.0007652640342712402,13,1,1.6219673156738281,1.6219673156738281
train_bluetooth_catboost_bluetooth_recovery_e,0.1,Bluetooth/attacks/csv/train/Bluetooth_DoS_train.pcap.csv,28077,0.0005618929862976074,-0.010115563869476318,13,3,7.130263531328859,7.0
train_bluetooth_catboost_bluetooth_recovery_e,0.1,Bluetooth/attacks/csv/train/Bluetooth_DoS_train.pcap.csv,28087,0.0005618929862976074,-0.010115563869476318,13,1,2.8283920288085938,2.8283920288085938
train_bluetooth_catboost_bluetooth_recovery_e,0.1,Bluetooth/attacks/csv/train/Bluetooth_DoS_train.pcap.csv,28104,0.0005618929862976074,-0.0007652640342712402,13,3,7.96354299334819,7.5
train_bluetooth_catboost_bluetooth_recovery_e,0.1,Bluetooth/attacks/csv/train/Bluetooth_DoS_train.pcap.csv,28127,0.0005618929862976074,-0.010115563869476318,16,4,802605.4920501204,801918.0
train_bluetooth_catboost_bluetooth_recovery_e,0.1,Bluetooth/attacks/csv/train/Bluetooth_DoS_train.pcap.csv,28139,0.0005618929862976074,-0.010115563869476318,13,3,6.261097577366769,4.0322113037109375
train_bluetooth_catboost_bluetooth_recovery_e,0.1,Bluetooth/attacks/csv/train/Bluetooth_DoS_train.pcap.csv,28144,0.0005618929862976074,-0.0007652640342712402,13,1,2.744832992553711,2.744832992553711
train_bluetooth_catboost_bluetooth_recovery_e,0.1,Bluetooth/attacks/csv/train/Bluetooth_DoS_train.pcap.csv,28179,0.0005618929862976074,-0.0007652640342712402,13,3,322480.0000078053,322480.0
train_bluetooth_catboost_bluetooth_recovery_e,0.1,Bluetooth/attacks/csv/train/Bluetooth_DoS_train.pcap.csv,28205,0.0005618929862976074,-0.010115563869476318,13,4,6.471089791348447,4.116626739501953
train_bluetooth_catboost_bluetooth_recovery_e,0.1,Bluetooth/attacks/csv/train/Bluetooth_DoS_train.pcap.csv,28242,0.0005618929862976074,-0.010115563869476318,13,3,1.5539051078378183,1.4223690032958984
train_bluetooth_catboost_bluetooth_recovery_e,0.1,Bluetooth/attacks/csv/train/Bluetooth_DoS_train.pcap.csv,28263,0.0005618929862976074,-0.010115563869476318,13,3,2.9216197011423604,2.0761184692382812
train_bluetooth_catboost_bluetooth_recovery_e,0.1,Bluetooth/attacks/csv/train/Bluetooth_DoS_train.pcap.csv,28278,0.0005618929862976074,-0.010115563869476318,13,3,23557.000096627726,23557.0
train_bluetooth_catboost_bluetooth_recovery_e,0.1,Bluetooth/attacks/csv/train/Bluetooth_DoS_train.pcap.csv,28294,0.0005618929862976074,-0.010115563869476318,13,2,3.189405423134239,3.0
train_bluetooth_catboost_bluetooth_recovery_e,0.1,Bluetooth/attacks/csv/train/Bluetooth_DoS_train.pcap.csv,28305,0.0005618929862976074,-0.010115563869476318,13,2,7.5842075334035295,7.5
train_bluetooth_catboost_bluetooth_recovery_e,0.1,Bluetooth/attacks/csv/train/Bluetooth_DoS_train.pcap.csv,28325,0.0005618929862976074,-0.010115563869476318,13,2,1.205964364871654,1.2001457214355469
train_bluetooth_catboost_bluetooth_recovery_e,0.1,Bluetooth/attacks/csv/train/Bluetooth_DoS_train.pcap.csv,28326,0.0005618929862976074,-0.010115563869476318,13,1,2.6172733306884766,2.6172733306884766
train_bluetooth_catboost_bluetooth_recovery_e,0.1,Bluetooth/attacks/csv/train/Bluetooth_DoS_train.pcap.csv,28329,0.0005618929862976074,-0.010115563869476318,13,2,1.072506878329059,1.0724735260009766
train_bluetooth_catboost_bluetooth_recovery_e,0.1,Bluetooth/attacks/csv/train/Bluetooth_DoS_train.pcap.csv,28338,0.0005618929862976074,-0.010115563869476318,13,4,8.53316780926101,5.885456085205078
train_bluetooth_catboost_bluetooth_recovery_e,0.1,Bluetooth/attacks/csv/train/Bluetooth_DoS_train.pcap.csv,28357,0.0005618929862976074,-0.010115563869476318,13,2,2.7805760428660626,2.580028533935547
train_bluetooth_catboost_bluetooth_recovery_e,0.1,Bluetooth/attacks/csv/train/Bluetooth_DoS_train.pcap.csv,28409,0.0005618929862976074,-0.010115563869476318,13,3,1.4536409993615664,1.450490951538086
train_bluetooth_catboost_bluetooth_recovery_e,0.1,Bluetooth/attacks/csv/train/Bluetooth_DoS_train.pcap.csv,28439,0.0005618929862976074,-0.010115563869476318,13,2,8.531405074177714,8.318893432617188
train_bluetooth_catboost_bluetooth_recovery_e,0.1,Bluetooth/attacks/csv/train/Bluetooth_DoS_train.pcap.csv,28456,0.0005618929862976074,-0.010115563869476318,13,4,624632.599894224,624133.5
train_bluetooth_catboost_bluetooth_recovery_e,0.1,Bluetooth/attacks/csv/train/Bluetooth_DoS_train.pcap.csv,28472,0.0005618929862976074,-0.010115563869476318,13,1,1.0317764282226562,1.0317764282226562
train_bluetooth_catboost_bluetooth_recovery_e,0.1,Bluetooth/attacks/csv/train/Bluetooth_DoS_train.pcap.csv,28485,0.0005618929862976074,-0.010115563869476318,13,1,2.036296844482422,2.036296844482422
train_bluetooth_catboost_bluetooth_recovery_e,0.1,Bluetooth/attacks/csv/train/Bluetooth_DoS_train.pcap.csv,28495,0.0005618929862976074,-0.0007652640342712402,13,2,9.136529990452997,8.798095703125
train_bluetooth_catboost_bluetooth_recovery_e,0.1,Bluetooth/attacks/csv/train/Bluetooth_DoS_train.pcap.csv,28511,0.0005618929862976074,-0.010115563869476318,13,3,23415.000031470958,23415.0
train_bluetooth_catboost_bluetooth_recovery_e,0.1,Bluetooth/attacks/csv/train/Bluetooth_DoS_train.pcap.csv,28527,0.0005618929862976074,-0.010115563869476318,13,3,181115.500009423,181115.5
train_bluetooth_catboost_bluetooth_recovery_e,0.1,Bluetooth/attacks/csv/train/Bluetooth_DoS_train.pcap.csv,28540,0.0005618929862976074,-0.010115563869476318,13,2,2.786371402333129,2.71746826171875
train_bluetooth_catboost_bluetooth_recovery_e,0.1,Bluetooth/attacks/csv/train/Bluetooth_DoS_train.pcap.csv,28549,0.0005618929862976074,-0.010115563869476318,13,4,7.696231136483718,5.1104583740234375
train_bluetooth_catboost_bluetooth_recovery_e,0.1,Bluetooth/attacks/csv/train/Bluetooth_DoS_train.pcap.csv,28555,0.0005618929862976074,-0.010115563869476318,13,1,2.1392078399658203,2.1392078399658203
train_bluetooth_catboost_bluetooth_recovery_e,0.1,Bluetooth/attacks/csv/train/Bluetooth_DoS_train.pcap.csv,28570,0.0005618929862976074,-0.010115563869476318,13,4,1138146.5846971471,1137171.5
train_bluetooth_catboost_bluetooth_recovery_e,0.1,Bluetooth/attacks/csv/train/Bluetooth_DoS_train.pcap.csv,28593,0.0005618929862976074,-0.010115563869476318,13,4,769397.6640829267,768738.5
train_bluetooth_catboost_bluetooth_recovery_e,0.1,Bluetooth/attacks/csv/train/Bluetooth_DoS_train.pcap.csv,28609,0.0005618929862976074,-0.010115563869476318,13,3,7.921645331864644,7.5
train_bluetooth_catboost_bluetooth_recovery_e,0.1,Bluetooth/attacks/csv/train/Bluetooth_DoS_train.pcap.csv,28611,0.0005618929862976074,-0.010115563869476318,13,4,757468.9488876897,756820.0
train_bluetooth_catboost_bluetooth_recovery_e,0.1,Bluetooth/attacks/csv/train/Bluetooth_DoS_train.pcap.csv,28612,0.0005618929862976074,-0.010115563869476318,13,4,23353.50013243616,23353.5
train_bluetooth_catboost_bluetooth_recovery_e,0.1,Bluetooth/attacks/csv/train/Bluetooth_DoS_train.pcap.csv,28638,0.0005618929862976074,-0.010115563869476318,13,2,3.03641975343766,2.3451976776123047
train_bluetooth_catboost_bluetooth_recovery_e,0.1,Bluetooth/attacks/csv/train/Bluetooth_DoS_train.pcap.csv,28640,0.0005618929862976074,-0.010115563869476318,13,2,1.9134671765348847,1.9110145568847656
train_bluetooth_catboost_bluetooth_recovery_e,0.1,Bluetooth/attacks/csv/train/Bluetooth_DoS_train.pcap.csv,28650,0.0005618929862976074,-0.010115563869476318,13,2,1.3128013575881696,1.305776596069336
train_bluetooth_catboost_bluetooth_recovery_e,0.1,Bluetooth/attacks/csv/train/Bluetooth_DoS_train.pcap.csv,28653,0.0005618929862976074,-0.010115563869476318,13,4,6.480855943604682,4.167060852050781
train_bluetooth_catboost_bluetooth_recovery_e,0.1,Bluetooth/attacks/csv/train/Bluetooth_DoS_train.pcap.csv,28664,0.0005618929862976074,-0.010115563869476318,13,4,8.52797628529657,5.953960418701172
train_bluetooth_catboost_bluetooth_recovery_e,0.1,Bluetooth/attacks/csv/train/Bluetooth_DoS_train.pcap.csv,28668,0.0005618929862976074,-0.010115563869476318,13,3,7.914369579718934,7.5
train_bluetooth_catboost_bluetooth_recovery_e,0.1,Bluetooth/attacks/csv/train/Bluetooth_DoS_train.pcap.csv,28690,0.0005618929862976074,-0.010115563869476318,13,3,3.2521470569180178,2.7904319763183594
train_bluetooth_catboost_bluetooth_recovery_e,0.1,Bluetooth/attacks/csv/train/Bluetooth_DoS_train.pcap.csv,28700,0.0005618929862976074,-0.010115563869476318,13,1,1.3589534759521484,1.3589534759521484
train_bluetooth_catboost_bluetooth_recovery_e,0.1,Bluetooth/attacks/csv/train/Bluetooth_DoS_train.pcap.csv,28710,0.0005618929862976074,-0.0007652640342712402,13,2,1.2352609481327346,1.0739765167236328
train_bluetooth_catboost_bluetooth_recovery_e,0.1,Bluetooth/attacks/csv/train/Bluetooth_DoS_train.pcap.csv,28774,0.0005618929862976074,-0.010115563869476318,13,2,2.345312118534929,2.3453121185302734
train_bluetooth_catboost_bluetooth_recovery_e,0.1,Bluetooth/attacks/csv/train/Bluetooth_DoS_train.pcap.csv,28816,0.0005618929862976074,-0.010115563869476318,13,4,672056.3218127522,671480.5
train_bluetooth_catboost_bluetooth_recovery_e,0.1,Bluetooth/attacks/csv/train/Bluetooth_DoS_train.pcap.csv,28817,0.0005618929862976074,-0.010115563869476318,13,4,9.233775547846939,6.466949462890625
train_bluetooth_catboost_bluetooth_recovery_e,0.1,Bluetooth/attacks/csv/train/Bluetooth_DoS_train.pcap.csv,28821,0.0005618929862976074,-0.010115563869476318,13,3,3.6028567118178745,3.0
train_bluetooth_catboost_bluetooth_recovery_e,0.1,Bluetooth/attacks/csv/train/Bluetooth_DoS_train.pcap.csv,28830,0.0005618929862976074,-0.010115563869476318,13,3,1385699.7946890541,1384512.5
train_bluetooth_catboost_bluetooth_recovery_e,0.1,Bluetooth/attacks/csv/train/Bluetooth_DoS_train.pcap.csv,28839,0.0005618929862976074,-0.010115563869476318,13,1,1.6181907653808594,1.6181907653808594
train_bluetooth_catboost_bluetooth_recovery_e,0.1,Bluetooth/attacks/csv/train/Bluetooth_DoS_train.pcap.csv,28877,0.0005618929862976074,-0.010115563869476318,13,4,1139384.7539002479,1138408.5
train_bluetooth_catboost_bluetooth_recovery_e,0.1,Bluetooth/attacks/csv/train/Bluetooth_DoS_train.pcap.csv,28893,0.0005618929862976074,-0.010115563869476318,13,1,1.1849098205566406,1.1849098205566406
train_bluetooth_catboost_bluetooth_recovery_e,0.1,Bluetooth/attacks/csv/train/Bluetooth_DoS_train.pcap.csv,28919,0.0005618929862976074,-0.010115563869476318,13,1,2.509449005126953,2.509449005126953
train_bluetooth_catboost_bluetooth_recovery_e,0.1,Bluetooth/attacks/csv/train/Bluetooth_DoS_train.pcap.csv,28945,0.0005618929862976074,-0.0007652640342712402,13,4,23150.500069327238,23150.5
train_bluetooth_catboost_bluetooth_recovery_e,0.1,Bluetooth/attacks/csv/train/Bluetooth_DoS_train.pcap.csv,28946,0.0005618929862976074,-0.010115563869476318,13,3,672153.9360917474,671578.0
train_bluetooth_catboost_bluetooth_recovery_e,0.1,Bluetooth/attacks/csv/train/Bluetooth_DoS_train.pcap.csv,28953,0.0005618929862976074,-0.010115563869476318,13,2,2.1190924242940348,2.0316429138183594
train_bluetooth_catboost_bluetooth_recovery_e,0.1,Bluetooth/attacks/csv/train/Bluetooth_DoS_train.pcap.csv,28996,0.0005618929862976074,-0.010115563869476318,13,2,1.9484594925268084,1.9448471069335938
train_bluetooth_catboost_bluetooth_recovery_e,0.1,Bluetooth/attacks/csv/train/Bluetooth_DoS_train.pcap.csv,29011,0.0005618929862976074,-0.0007652640342712402,13,4,23110.00010794659,23110.0
train_bluetooth_catboost_bluetooth_recovery_e,0.1,Bluetooth/attacks/csv/train/Bluetooth_DoS_train.pcap.csv,29019,0.0005618929862976074,-0.0007652640342712402,13,3,1.4860716783450758,1.0900402069091797
train_bluetooth_catboost_bluetooth_recovery_e,0.1,Bluetooth/attacks/csv/train/Bluetooth_DoS_train.pcap.csv,29029,0.0005618929862976074,-0.010115563869476318,13,3,1167693.0843292354,1166692.5
train_bluetooth_catboost_bluetooth_recovery_e,0.1,Bluetooth/attacks/csv/train/Bluetooth_DoS_train.pcap.csv,29069,0.0005618929862976074,-0.0007652640342712402,13,2,1.8893608145167244,1.791961669921875
train_bluetooth_catboost_bluetooth_recovery_e,0.1,Bluetooth/attacks/csv/train/Bluetooth_DoS_train.pcap.csv,29082,0.0005618929862976074,-0.010115563869476318,13,2,4.065329756941229,3.0
train_bluetooth_catboost_bluetooth_recovery_e,0.1,Bluetooth/attacks/csv/train/Bluetooth_DoS_train.pcap.csv,29090,0.0005618929862976074,-0.0007652640342712402,13,1,1.1159515380859375,1.1159515380859375
train_bluetooth_catboost_bluetooth_recovery_e,0.1,Bluetooth/attacks/csv/train/Bluetooth_DoS_train.pcap.csv,29116,0.0005618929862976074,-0.010115563869476318,13,2,1.831269524130296,1.5
train_bluetooth_catboost_bluetooth_recovery_e,0.1,Bluetooth/attacks/csv/train/Bluetooth_DoS_train.pcap.csv,29117,0.0005618929862976074,-0.010115563869476318,13,3,9.0090164378467,6.1780853271484375
train_bluetooth_catboost_bluetooth_recovery_e,0.1,Bluetooth/attacks/csv/train/Bluetooth_DoS_train.pcap.csv,29145,0.0005618929862976074,-0.010115563869476318,13,3,9.53126960366124,6.5443878173828125
train_bluetooth_catboost_bluetooth_recovery_e,0.1,Bluetooth/attacks/csv/train/Bluetooth_DoS_train.pcap.csv,29158,0.0005618929862976074,-0.0007652640342712402,13,4,1052222.673707264,1051321.0
train_bluetooth_catboost_bluetooth_recovery_e,0.1,Bluetooth/attacks/csv/train/Bluetooth_DoS_train.pcap.csv,29172,0.0005618929862976074,-0.010115563869476318,13,2,2.1119037047223643,2.111846923828125
train_bluetooth_catboost_bluetooth_recovery_e,0.1,Bluetooth/attacks/csv/train/Bluetooth_DoS_train.pcap.csv,29174,0.0005618929862976074,-0.010115563869476318,13,2,2.52585009140519,2.45465087890625
train_bluetooth_catboost_bluetooth_recovery_e,0.1,Bluetooth/attacks/csv/train/Bluetooth_DoS_train.pcap.csv,29189,0.0005618929862976074,-0.0007652640342712402,13,3,3.471594428410364,3.0
train_bluetooth_catboost_bluetooth_recovery_e,0.1,Bluetooth/attacks/csv/train/Bluetooth_DoS_train.pcap.csv,29202,0.0005618929862976074,-0.010115563869476318,13,3,1.543737189296225,1.4246044158935547
train_bluetooth_catboost_bluetooth_recovery_e,0.1,Bluetooth/attacks/csv/train/Bluetooth_DoS_train.pcap.csv,29257,0.0005618929862976074,-0.010115563869476318,13,3,1252921.7119863022,1251848.0
train_bluetooth_catboost_bluetooth_recovery_e,0.1,Bluetooth/attacks/csv/train/Bluetooth_DoS_train.pcap.csv,29260,0.0005618929862976074,-0.010115563869476318,13,3,2.4778111889460384,1.9469823837280273
train_bluetooth_catboost_bluetooth_recovery_e,0.1,Bluetooth/attacks/csv/train/Bluetooth_DoS_train.pcap.csv,29283,0.0005618929862976074,-0.0007652640342712402,13,3,1047465.6420293703,1046568.0
train_bluetooth_catboost_bluetooth_recovery_e,0.1,Bluetooth/attacks/csv/train/Bluetooth_DoS_train.pcap.csv,29300,0.0005618929862976074,-0.010115563869476318,13,3,7.324547766669076,7.0671539306640625
train_bluetooth_catboost_bluetooth_recovery_e,0.1,Bluetooth/attacks/csv/train/Bluetooth_DoS_train.pcap.csv,29336,0.0005618929862976074,-0.0007652640342712402,13,3,325055.00000401423,325055.0
train_bluetooth_catboost_bluetooth_recovery_e,0.1,Bluetooth/attacks/csv/train/Bluetooth_DoS_train.pcap.csv,29351,0.0005618929862976074,-0.010115563869476318,13,3,2.756689216259133,2.5689048767089844
train_bluetooth_catboost_bluetooth_recovery_e,0.1,Bluetooth/attacks/csv/train/Bluetooth_DoS_train.pcap.csv,29359,0.0005618929862976074,-0.010115563869476318,13,3,1216896.8691726604,1215854.0
train_bluetooth_catboost_bluetooth_recovery_e,0.1,Bluetooth/attacks/csv/train/Bluetooth_DoS_train.pcap.csv,29364,0.0005618929862976074,-0.010115563869476318,13,4,22895.000079694622,22895.0
train_bluetooth_catboost_bluetooth_recovery_e,0.1,Bluetooth/attacks/csv/train/Bluetooth_DoS_train.pcap.csv,29370,0.0005618929862976074,-0.010115563869476318,13,3,8.28145123105894,8.0
train_bluetooth_catboost_bluetooth_recovery_e,0.1,Bluetooth/attacks/csv/train/Bluetooth_DoS_train.pcap.csv,29385,0.0005618929862976074,-0.010115563869476318,13,1,1.9887847900390625,1.9887847900390625
train_bluetooth_catboost_bluetooth_recovery_e,0.1,Bluetooth/attacks/csv/train/Bluetooth_DoS_train.pcap.csv,29396,0.0005618929862976074,-0.0007652640342712402,13,3,3.1674370656139637,3.0
train_bluetooth_catboost_bluetooth_recovery_e,0.1,Bluetooth/attacks/csv/train/Bluetooth_DoS_train.pcap.csv,29412,0.0005618929862976074,-0.010115563869476318,13,4,7.616845635209041,5.063499450683594
train_bluetooth_catboost_bluetooth_recovery_e,0.1,Bluetooth/attacks/csv/train/Bluetooth_DoS_train.pcap.csv,29436,0.0005618929862976074,-0.010115563869476318,13,3,8.493891550713924,7.5
train_bluetooth_catboost_bluetooth_recovery_e,0.1,Bluetooth/attacks/csv/train/Bluetooth_DoS_train.pcap.csv,29439,0.0005618929862976074,-0.010115563869476318,13,2,2.7736326461527323,2.604869842529297
train_bluetooth_catboost_bluetooth_recovery_e,0.1,Bluetooth/attacks/csv/train/Bluetooth_DoS_train.pcap.csv,29469,0.0005618929862976074,-0.010115563869476318,13,2,2.575819969431254,2.5757923126220703
train_bluetooth_catboost_bluetooth_recovery_e,0.1,Bluetooth/attacks/csv/train/Bluetooth_DoS_train.pcap.csv,29474,0.0005618929862976074,-0.010115563869476318,13,3,5.442441837017662,3.4816017150878906
train_bluetooth_catboost_bluetooth_recovery_e,0.1,Bluetooth/attacks/csv/train/Bluetooth_DoS_train.pcap.csv,29519,0.0005618929862976074,-0.010115563869476318,13,2,3.231861228115441,3.0
train_bluetooth_catboost_bluetooth_recovery_e,0.1,Bluetooth/attacks/csv/train/Bluetooth_DoS_train.pcap.csv,29525,0.0005618929862976074,-0.0007652640342712402,13,3,22797.000048512782,22797.0
train_bluetooth_catboost_bluetooth_recovery_e,0.1,Bluetooth/attacks/csv/train/Bluetooth_DoS_train.pcap.csv,29533,0.0005618929862976074,-0.010115563869476318,13,3,2.4616580955172145,2.4561195373535156
train_bluetooth_catboost_bluetooth_recovery_e,0.1,Bluetooth/attacks/csv/train/Bluetooth_DoS_train.pcap.csv,29538,0.0005618929862976074,-0.010115563869476318,13,2,1.241865517118851,1.0958747863769531
train_bluetooth_catboost_bluetooth_recovery_e,0.1,Bluetooth/attacks/csv/train/Bluetooth_DoS_train.pcap.csv,29569,0.0005618929862976074,-0.0007652640342712402,13,3,22770.000119726512,22770.0
train_bluetooth_catboost_bluetooth_recovery_e,0.1,Bluetooth/attacks/csv/train/Bluetooth_DoS_train.pcap.csv,29601,0.0005618929862976074,-0.010115563869476318,13,1,2.7832088470458984,2.7832088470458984
train_bluetooth_catboost_bluetooth_recovery_e,0.1,Bluetooth/attacks/csv/train/Bluetooth_DoS_train.pcap.csv,29608,0.0005618929862976074,-0.0007652640342712402,13,3,4.565258793968947,3.0
train_bluetooth_catboost_bluetooth_recovery_e,0.1,Bluetooth/attacks/csv/train/Bluetooth_DoS_train.pcap.csv,29622,0.0005618929862976074,-0.010115563869476318,13,2,1.6735354375712828,1.341909408569336
train_bluetooth_catboost_bluetooth_recovery_e,0.1,Bluetooth/attacks/csv/train/Bluetooth_DoS_train.pcap.csv,29624,0.0005618929862976074,-0.010115563869476318,13,4,957729.3494343768,956908.5
train_bluetooth_catboost_bluetooth_recovery_e,0.1,Bluetooth/attacks/csv/train/Bluetooth_DoS_train.pcap.csv,29639,0.0005618929862976074,-0.010115563869476318,13,2,2.790414810187339,2.790414810180664
train_bluetooth_catboost_bluetooth_recovery_e,0.1,Bluetooth/attacks/csv/train/Bluetooth_DoS_train.pcap.csv,29685,0.0005618929862976074,-0.010115563869476318,13,4,13.458657643455945,8.1397705078125
train_bluetooth_catboost_bluetooth_recovery_e,0.1,Bluetooth/attacks/csv/train/Bluetooth_DoS_train.pcap.csv,29695,0.0005618929862976074,-0.010115563869476318,13,1,1.2862548828125,1.2862548828125
train_bluetooth_catboost_bluetooth_recovery_e,0.1,Bluetooth/attacks/csv/train/Bluetooth_DoS_train.pcap.csv,29705,0.0005618929862976074,-0.010115563869476318,13,2,1.3008946345889736,1.164886474609375
train_bluetooth_catboost_bluetooth_recovery_e,0.1,Bluetooth/attacks/csv/train/Bluetooth_DoS_train.pcap.csv,29727,0.0005618929862976074,-0.0007652640342712402,13,1,2.226064682006836,2.226064682006836
train_bluetooth_catboost_bluetooth_recovery_e,0.1,Bluetooth/attacks/csv/train/Bluetooth_DoS_train.pcap.csv,29742,0.0005618929862976074,-0.0007652640342712402,13,3,9.898494108991528,6.701385498046875
train_bluetooth_catboost_bluetooth_recovery_e,0.1,Bluetooth/attacks/csv/train/Bluetooth_DoS_train.pcap.csv,29777,0.0005618929862976074,-0.010115563869476318,13,3,2.220407968301477,1.8966751098632812
train_bluetooth_catboost_bluetooth_recovery_e,0.1,Bluetooth/attacks/csv/train/Bluetooth_DoS_train.pcap.csv,29807,0.0005618929862976074,-0.010115563869476318,13,2,2.886345249177735,2.8282852172851562
train_bluetooth_catboost_bluetooth_recovery_e,0.1,Bluetooth/attacks/csv/train/Bluetooth_DoS_train.pcap.csv,29809,0.0005618929862976074,-0.010115563869476318,13,4,22617.000028316517,22617.0
train_bluetooth_catboost_bluetooth_recovery_e,0.1,Bluetooth/attacks/csv/train/Bluetooth_DoS_train.pcap.csv,29833,0.0005618929862976074,-0.0007652640342712402,13,2,2.810514450075799,2.810514450073242
train_bluetooth_catboost_bluetooth_recovery_e,0.1,Bluetooth/attacks/csv/train/Bluetooth_DoS_train.pcap.csv,29839,0.0005618929862976074,-0.010115563869476318,13,3,4.891456392664296,4.5615386962890625
train_bluetooth_catboost_bluetooth_recovery_e,0.1,Bluetooth/attacks/csv/train/Bluetooth_DoS_train.pcap.csv,29862,0.0005618929862976074,-0.010115563869476318,13,1,2.8279953002929688,2.8279953002929688
train_bluetooth_catboost_bluetooth_recovery_e,0.1,Bluetooth/attacks/csv/train/Bluetooth_DoS_train.pcap.csv,29880,0.0005618929862976074,-0.010115563869476318,13,4,8.952831696171808,5.997974395751953
train_bluetooth_catboost_bluetooth_recovery_e,0.1,Bluetooth/attacks/csv/train/Bluetooth_DoS_train.pcap.csv,29886,0.0005618929862976074,-0.0007652640342712402,13,4,515488.3724117486,515046.5
train_bluetooth_catboost_bluetooth_recovery_e,0.1,Bluetooth/attacks/csv/train/Bluetooth_DoS_train.pcap.csv,29918,0.0005618929862976074,-0.0007652640342712402,13,5,581156.1535178035,580658.0
train_bluetooth_catboost_bluetooth_recovery_e,0.1,Bluetooth/attacks/csv/train/Bluetooth_DoS_train.pcap.csv,29922,0.0005618929862976074,-0.010115563869476318,13,3,1.9466296827450318,1.6733589172363281
train_bluetooth_catboost_bluetooth_recovery_e,0.1,Bluetooth/attacks/csv/train/Bluetooth_DoS_train.pcap.csv,29996,0.0005618929862976074,-0.010115563869476318,13,3,819263.7751027056,818561.5
train_bluetooth_catboost_bluetooth_recovery_e,0.1,Bluetooth/attacks/csv/train/Bluetooth_DoS_train.pcap.csv,30037,0.0005618929862976074,-0.010115563869476318,13,3,234381.50000357893,234381.5
train_bluetooth_catboost_bluetooth_recovery_e,0.1,Bluetooth/attacks/csv/train/Bluetooth_DoS_train.pcap.csv,30042,0.0005618929862976074,-0.0007652640342712402,13,2,1.1862716795975152,1.0409088134765625
train_bluetooth_catboost_bluetooth_recovery_e,0.1,Bluetooth/attacks/csv/train/Bluetooth_DoS_train.pcap.csv,30062,0.0005618929862976074,-0.010115563869476318,13,1,2.615720748901367,2.615720748901367
train_bluetooth_catboost_bluetooth_recovery_e,0.1,Bluetooth/attacks/csv/train/Bluetooth_DoS_train.pcap.csv,30063,0.0005618929862976074,-0.010115563869476318,13,2,2.201377287257284,2.126739501953125
train_bluetooth_catboost_bluetooth_recovery_e,0.1,Bluetooth/attacks/csv/train/Bluetooth_DoS_train.pcap.csv,30077,0.0005618929862976074,-0.0007652640342712402,13,1,1.036825180053711,1.036825180053711
train_bluetooth_catboost_bluetooth_recovery_e,0.1,Bluetooth/attacks/csv/train/Bluetooth_DoS_train.pcap.csv,30082,0.0005618929862976074,-0.010115563869476318,16,1,1.999441146850586,1.999441146850586
train_bluetooth_catboost_bluetooth_recovery_e,0.1,Bluetooth/attacks/csv/train/Bluetooth_DoS_train.pcap.csv,30105,0.0005618929862976074,-0.0007652640342712402,13,1,1.3199825286865234,1.3199825286865234
train_bluetooth_catboost_bluetooth_recovery_e,0.1,Bluetooth/attacks/csv/train/Bluetooth_DoS_train.pcap.csv,30114,0.0005618929862976074,-0.010115563869476318,13,3,22431.000070606107,22431.0
train_bluetooth_catboost_bluetooth_recovery_e,0.1,Bluetooth/attacks/csv/train/Bluetooth_DoS_train.pcap.csv,30125,0.0005618929862976074,-0.0007652640342712402,13,3,11.2536762639893,8.0
train_bluetooth_catboost_bluetooth_recovery_e,0.1,Bluetooth/attacks/csv/train/Bluetooth_DoS_train.pcap.csv,30142,0.0005618929862976074,-0.010115563869476318,13,4,11.801119392748586,8.244991302490234
train_bluetooth_catboost_bluetooth_recovery_e,0.1,Bluetooth/attacks/csv/train/Bluetooth_DoS_train.pcap.csv,30169,0.0005618929862976074,-0.010115563869476318,13,3,2.133583135008687,2.0573348999023438
train_bluetooth_catboost_bluetooth_recovery_e,0.1,Bluetooth/attacks/csv/train/Bluetooth_DoS_train.pcap.csv,30172,0.0005618929862976074,-0.010115563869476318,13,1,2.434476852416992,2.434476852416992
train_bluetooth_catboost_bluetooth_recovery_e,0.1,Bluetooth/attacks/csv/train/Bluetooth_DoS_train.pcap.csv,30187,0.0005618929862976074,-0.0007652640342712402,13,4,8.110247043616917,5.579013824462891
train_bluetooth_catboost_bluetooth_recovery_e,0.1,Bluetooth/attacks/csv/train/Bluetooth_DoS_train.pcap.csv,30202,0.0005618929862976074,-0.010115563869476318,13,3,6.008953103460884,5.64923095703125
train_bluetooth_catboost_bluetooth_recovery_e,0.1,Bluetooth/attacks/csv/train/Bluetooth_DoS_train.pcap.csv,30223,0.0005618929862976074,-0.010115563869476318,13,3,2.63726512905298,2.3976364135742188
train_bluetooth_catboost_bluetooth_recovery_e,0.1,Bluetooth/attacks/csv/train/Bluetooth_DoS_train.pcap.csv,30239,0.0005618929862976074,-0.010115563869476318,13,1,2.263185501098633,2.263185501098633
train_bluetooth_catboost_bluetooth_recovery_e,0.1,Bluetooth/attacks/csv/train/Bluetooth_DoS_train.pcap.csv,30252,0.0005618929862976074,-0.010115563869476318,13,2,9.823182310106215,9.758895874023438
train_bluetooth_catboost_bluetooth_recovery_e,0.1,Bluetooth/attacks/csv/train/Bluetooth_DoS_train.pcap.csv,30269,0.0005618929862976074,-0.010115563869476318,13,1,1.0745010375976562,1.0745010375976562
train_bluetooth_catboost_bluetooth_recovery_e,0.1,Bluetooth/attacks/csv/train/Bluetooth_DoS_train.pcap.csv,30282,0.0005618929862976074,-0.010115563869476318,13,1,2.140035629272461,2.140035629272461
train_bluetooth_catboost_bluetooth_recovery_e,0.1,Bluetooth/attacks/csv/train/Bluetooth_DoS_train.pcap.csv,30307,0.0005618929862976074,-0.010115563869476318,13,2,8.359544319048572,8.0
train_bluetooth_catboost_bluetooth_recovery_e,0.1,Bluetooth/attacks/csv/train/Bluetooth_DoS_train.pcap.csv,30323,0.0005618929862976074,-0.010115563869476318,13,1,1.5842132568359375,1.5842132568359375
train_bluetooth_catboost_bluetooth_recovery_e,0.1,Bluetooth/attacks/csv/train/Bluetooth_DoS_train.pcap.csv,30342,0.0005618929862976074,-0.010115563869476318,13,2,2.17967984946287,2.1064682006835938
train_bluetooth_catboost_bluetooth_recovery_e,0.1,Bluetooth/attacks/csv/train/Bluetooth_DoS_train.pcap.csv,30364,0.0005618929862976074,-0.010115563869476318,13,1,2.6154613494873047,2.6154613494873047
train_bluetooth_catboost_bluetooth_recovery_e,0.1,Bluetooth/attacks/csv/train/Bluetooth_DoS_train.pcap.csv,30376,0.0005618929862976074,-0.010115563869476318,13,1,1.9010391235351562,1.9010391235351562
train_bluetooth_catboost_bluetooth_recovery_e,0.1,Bluetooth/attacks/csv/train/Bluetooth_DoS_train.pcap.csv,30385,0.0005618929862976074,-0.010115563869476318,13,4,743895.2606533768,743257.5
train_bluetooth_catboost_bluetooth_recovery_e,0.1,Bluetooth/attacks/csv/train/Bluetooth_DoS_train.pcap.csv,30389,0.0005618929862976074,-0.010115563869476318,13,2,2.501485794236061,2.4382705688476562
train_bluetooth_catboost_bluetooth_recovery_e,0.1,Bluetooth/attacks/csv/train/Bluetooth_DoS_train.pcap.csv,30407,0.0005618929862976074,-0.010115563869476318,13,2,2.279284813379096,2.2098541259765625
train_bluetooth_catboost_bluetooth_recovery_e,0.1,Bluetooth/attacks/csv/train/Bluetooth_DoS_train.pcap.csv,30434,0.0005618929862976074,-0.010115563869476318,13,2,1.938119629961309,1.7228336334228516
train_bluetooth_catboost_bluetooth_recovery_e,0.1,Bluetooth/attacks/csv/train/Bluetooth_DoS_train.pcap.csv,30441,0.0005618929862976074,-0.010115563869476318,13,2,2.6314712383886074,2.6314125061035156
train_bluetooth_catboost_bluetooth_recovery_e,0.1,Bluetooth/attacks/csv/train/Bluetooth_DoS_train.pcap.csv,30472,0.0005618929862976074,-0.010115563869476318,13,1,2.0006561279296875,2.0006561279296875
train_bluetooth_catboost_bluetooth_recovery_e,0.1,Bluetooth/attacks/csv/train/Bluetooth_DoS_train.pcap.csv,30488,0.0005618929862976074,-0.010115563869476318,13,2,11.873599146912873,11.78265380859375
train_bluetooth_catboost_bluetooth_recovery_e,0.1,Bluetooth/attacks/csv/train/Bluetooth_DoS_train.pcap.csv,30489,0.0005618929862976074,-0.0007652640342712402,13,2,2.3544219263772743,2.179067611694336
train_bluetooth_catboost_bluetooth_recovery_e,0.1,Bluetooth/attacks/csv/train/Bluetooth_DoS_train.pcap.csv,30506,0.0005618929862976074,-0.010115563869476318,13,3,22201.00010979065,22201.0
train_bluetooth_catboost_bluetooth_recovery_e,0.1,Bluetooth/attacks/csv/train/Bluetooth_DoS_train.pcap.csv,30542,0.0005618929862976074,-0.010115563869476318,13,4,11.374089925067011,7.027793884277344
train_bluetooth_catboost_bluetooth_recovery_e,0.1,Bluetooth/attacks/csv/train/Bluetooth_DoS_train.pcap.csv,30584,0.0005618929862976074,-0.010115563869476318,13,1,2.7219390869140625,2.7219390869140625
train_bluetooth_catboost_bluetooth_recovery_e,0.1,Bluetooth/attacks/csv/train/Bluetooth_DoS_train.pcap.csv,30598,0.0005618929862976074,-0.010115563869476318,13,3,7.563622642125824,7.364166259765625
train_bluetooth_catboost_bluetooth_recovery_e,0.1,Bluetooth/attacks/csv/train/Bluetooth_DoS_train.pcap.csv,30601,0.0005618929862976074,-0.0007652640342712402,13,3,2.1721832927894584,1.5486927032470703
train_bluetooth_catboost_bluetooth_recovery_e,0.1,Bluetooth/attacks/csv/train/Bluetooth_DoS_train.pcap.csv,30619,0.0005618929862976074,-0.010115563869476318,16,1,2.3783016204833984,2.3783016204833984
train_bluetooth_catboost_bluetooth_recovery_e,0.1,Bluetooth/attacks/csv/train/Bluetooth_DoS_train.pcap.csv,30650,0.0005618929862976074,-0.010115563869476318,13,1,1.2558212280273438,1.2558212280273438
train_bluetooth_catboost_bluetooth_recovery_e,0.1,Bluetooth/attacks/csv/train/Bluetooth_DoS_train.pcap.csv,30666,0.0005618929862976074,-0.010115563869476318,13,2,2.234226728974557,2.23419189453125
train_bluetooth_catboost_bluetooth_recovery_e,0.1,Bluetooth/attacks/csv/train/Bluetooth_DoS_train.pcap.csv,30708,0.0005618929862976074,-0.010115563869476318,13,2,2.902831207909344,2.8503189086914062
train_bluetooth_catboost_bluetooth_recovery_e,0.1,Bluetooth/attacks/csv/train/Bluetooth_DoS_train.pcap.csv,30716,0.0005618929862976074,-0.010115563869476318,13,3,22064.500111987647,22064.5
train_bluetooth_catboost_bluetooth_recovery_e,0.1,Bluetooth/attacks/csv/train/Bluetooth_DoS_train.pcap.csv,30756,0.0005618929862976074,-0.0007652640342712402,13,1,1.5556201934814453,1.5556201934814453
train_bluetooth_catboost_bluetooth_recovery_e,0.1,Bluetooth/attacks/csv/train/Bluetooth_DoS_train.pcap.csv,30760,0.0005618929862976074,-0.010115563869476318,16,2,1.1221961975132326,1.1221961975097656
train_bluetooth_catboost_bluetooth_recovery_e,0.1,Bluetooth/attacks/csv/train/Bluetooth_DoS_train.pcap.csv,30781,0.0005618929862976074,-0.010115563869476318,13,3,9.159079838158354,6.277492523193359
train_bluetooth_catboost_bluetooth_recovery_e,0.1,Bluetooth/attacks/csv/train/Bluetooth_DoS_train.pcap.csv,30786,0.0005618929862976074,-0.010115563869476318,13,1,2.290142059326172,2.290142059326172
train_bluetooth_catboost_bluetooth_recovery_e,0.1,Bluetooth/attacks/csv/train/Bluetooth_DoS_train.pcap.csv,30816,0.0005618929862976074,-0.010115563869476318,13,2,1.9874646296251364,1.9873924255371094
train_bluetooth_catboost_bluetooth_recovery_e,0.1,Bluetooth/attacks/csv/train/Bluetooth_DoS_train.pcap.csv,30818,0.0005618929862976074,-0.010115563869476318,13,3,9.48028119953987,6.533714294433594
train_bluetooth_catboost_bluetooth_recovery_e,0.1,Bluetooth/attacks/csv/train/Bluetooth_DoS_train.pcap.csv,30819,0.0005618929862976074,-0.010115563869476318,13,3,22001.500031572734,22001.5
train_bluetooth_catboost_bluetooth_recovery_e,0.1,Bluetooth/attacks/csv/train/Bluetooth_DoS_train.pcap.csv,30823,0.0005618929862976074,-0.010115563869476318,13,3,8.066707651032422,8.0
train_bluetooth_catboost_bluetooth_recovery_e,0.1,Bluetooth/attacks/csv/train/Bluetooth_DoS_train.pcap.csv,30880,0.0005618929862976074,-0.010115563869476318,13,1,1.2665214538574219,1.2665214538574219
train_bluetooth_catboost_bluetooth_recovery_e,0.1,Bluetooth/attacks/csv/train/Bluetooth_DoS_train.pcap.csv,30896,0.0005618929862976074,-0.010115563869476318,13,2,2.8162634946297254,2.816255569458008
train_bluetooth_catboost_bluetooth_recovery_e,0.1,Bluetooth/attacks/csv/train/Bluetooth_DoS_train.pcap.csv,30921,0.0005618929862976074,-0.010115563869476318,13,3,9.631135892155916,6.652286529541016
train_bluetooth_catboost_bluetooth_recovery_e,0.1,Bluetooth/attacks/csv/train/Bluetooth_DoS_train.pcap.csv,30951,0.0005618929862976074,-0.010115563869476318,13,3,8.653635636922848,8.540130615234375
train_bluetooth_catboost_bluetooth_recovery_e,0.1,Bluetooth/attacks/csv/train/Bluetooth_DoS_train.pcap.csv,30957,0.0005618929862976074,-0.010115563869476318,13,1,2.7736167907714844,2.7736167907714844
train_bluetooth_catboost_bluetooth_recovery_e,0.1,Bluetooth/attacks/csv/train/Bluetooth_DoS_train.pcap.csv,30960,0.0005618929862976074,-0.0007652640342712402,13,3,792168.8009286541,791489.5
train_bluetooth_catboost_bluetooth_recovery_e,0.1,Bluetooth/attacks/csv/train/Bluetooth_DoS_train.pcap.csv,30968,0.0005618929862976074,-0.0007652640342712402,13,3,12.629515234062119,8.901607513427734
train_bluetooth_catboost_bluetooth_recovery_e,0.1,Bluetooth/attacks/csv/train/Bluetooth_DoS_train.pcap.csv,30976,0.0005618929862976074,-0.010115563869476318,13,1,1.9878063201904297,1.9878063201904297
train_bluetooth_catboost_bluetooth_recovery_e,0.1,Bluetooth/attacks/csv/train/Bluetooth_DoS_train.pcap.csv,30988,0.0005618929862976074,-0.010115563869476318,13,2,2.7558114416585022,2.144195556640625
train_bluetooth_catboost_bluetooth_recovery_e,0.1,Bluetooth/attacks/csv/train/Bluetooth_DoS_train.pcap.csv,30991,0.0005618929862976074,-0.010115563869476318,13,4,472450.50015554583,472450.5
train_bluetooth_catboost_bluetooth_recovery_e,0.1,Bluetooth/attacks/csv/train/Bluetooth_DoS_train.pcap.csv,31007,0.0005618929862976074,-0.0007652640342712402,13,3,12.39883908889484,8.684356689453125
train_bluetooth_catboost_bluetooth_recovery_e,0.1,Bluetooth/attacks/csv/train/Bluetooth_DoS_train.pcap.csv,31029,0.0005618929862976074,-0.010115563869476318,13,2,1.8990728271846493,1.8930282592773438
train_bluetooth_catboost_bluetooth_recovery_e,0.1,Bluetooth/attacks/csv/train/Bluetooth_DoS_train.pcap.csv,31050,0.0005618929862976074,-0.010115563869476318,13,1,1.332479476928711,1.332479476928711
train_bluetooth_catboost_bluetooth_recovery_e,0.1,Bluetooth/attacks/csv/train/Bluetooth_DoS_train.pcap.csv,31069,0.0005618929862976074,-0.010115563869476318,13,2,1.2420053120445762,1.2418994903564453
train_bluetooth_catboost_bluetooth_recovery_e,0.1,Bluetooth/attacks/csv/train/Bluetooth_DoS_train.pcap.csv,31070,0.0005618929862976074,-0.010115563869476318,13,1,1.681936264038086,1.681936264038086
train_bluetooth_catboost_bluetooth_recovery_e,0.1,Bluetooth/attacks/csv/train/Bluetooth_DoS_train.pcap.csv,31091,0.0005618929862976074,-0.010115563869476318,13,3,12.774193133421011,8.963623046875
train_bluetooth_catboost_bluetooth_recovery_e,0.1,Bluetooth/attacks/csv/train/Bluetooth_DoS_train.pcap.csv,31095,0.0005618929862976074,-0.010115563869476318,13,2,1.7971812881835856,1.7145214080810547
train_bluetooth_catboost_bluetooth_recovery_e,0.1,Bluetooth/attacks/csv/train/Bluetooth_DoS_train.pcap.csv,31105,0.0005618929862976074,-0.010115563869476318,13,1,2.7772903442382812,2.7772903442382812
train_bluetooth_catboost_bluetooth_recovery_e,0.1,Bluetooth/attacks/csv/train/Bluetooth_DoS_train.pcap.csv,31109,0.0005618929862976074,-0.0007652640342712402,13,2,8.77469811527043,8.5
train_bluetooth_catboost_bluetooth_recovery_e,0.1,Bluetooth/attacks/csv/train/Bluetooth_DoS_train.pcap.csv,31122,0.0005618929862976074,-0.010115563869476318,13,4,21817.00007956417,21817.0
train_bluetooth_catboost_bluetooth_recovery_e,0.1,Bluetooth/attacks/csv/train/Bluetooth_DoS_train.pcap.csv,31129,0.0005618929862976074,-0.010115563869476318,16,4,21812.500260484227,21812.5
train_bluetooth_catboost_bluetooth_recovery_e,0.1,Bluetooth/attacks/csv/train/Bluetooth_DoS_train.pcap.csv,31142,0.0005618929862976074,-0.010115563869476318,13,3,944349.8487928021,943540.0
train_bluetooth_catboost_bluetooth_recovery_e,0.1,Bluetooth/attacks/csv/train/Bluetooth_DoS_train.pcap.csv,31167,0.0005618929862976074,-0.010115563869476318,13,2,2.809526942897738,2.804943084716797
train_bluetooth_catboost_bluetooth_recovery_e,0.1,Bluetooth/attacks/csv/train/Bluetooth_DoS_train.pcap.csv,31182,0.0005618929862976074,-0.010115563869476318,13,2,2.557168163179469,2.500284194946289
train_bluetooth_catboost_bluetooth_recovery_e,0.1,Bluetooth/attacks/csv/train/Bluetooth_DoS_train.pcap.csv,31255,0.0005618929862976074,-0.010115563869476318,13,2,7.164400602347045,7.0839996337890625
train_bluetooth_catboost_bluetooth_recovery_e,0.1,Bluetooth/attacks/csv/train/Bluetooth_DoS_train.pcap.csv,31269,0.0005618929862976074,-0.010115563869476318,16,1,1.9973602294921875,1.9973602294921875
train_bluetooth_catboost_bluetooth_recovery_e,0.1,Bluetooth/attacks/csv/train/Bluetooth_DoS_train.pcap.csv,31298,0.0005618929862976074,-0.010115563869476318,13,2,1.8686256408745738,1.8686256408691406
train_bluetooth_catboost_bluetooth_recovery_e,0.1,Bluetooth/attacks/csv/train/Bluetooth_DoS_train.pcap.csv,31313,0.0005618929862976074,-0.010115563869476318,13,1,2.418590545654297,2.418590545654297
train_bluetooth_catboost_bluetooth_recovery_e,0.1,Bluetooth/attacks/csv/train/Bluetooth_DoS_train.pcap.csv,31337,0.0005618929862976074,-0.0007652640342712402,13,3,2.590085600196739,1.834634780883789
train_bluetooth_catboost_bluetooth_recovery_e,0.1,Bluetooth/attacks/csv/train/Bluetooth_DoS_train.pcap.csv,31354,0.0005618929862976074,-0.010115563869476318,13,2,1.807591887374135,1.5057849884033203
train_bluetooth_catboost_bluetooth_recovery_e,0.1,Bluetooth/attacks/csv/train/Bluetooth_DoS_train.pcap.csv,31379,0.0005618929862976074,-0.010115563869476318,13,3,1.6261353722666088,1.6194000244140625
train_bluetooth_catboost_bluetooth_recovery_e,0.1,Bluetooth/attacks/csv/train/Bluetooth_DoS_train.pcap.csv,31443,0.0005618929862976074,-0.010115563869476318,13,3,2.6103146823438945,2.5560951232910156
train_bluetooth_catboost_bluetooth_recovery_e,0.1,Bluetooth/attacks/csv/train/Bluetooth_DoS_train.pcap.csv,31451,0.0005618929862976074,-0.010115563869476318,13,4,670942.4463908502,670367.0
train_bluetooth_catboost_bluetooth_recovery_e,0.1,Bluetooth/attacks/csv/train/Bluetooth_DoS_train.pcap.csv,31469,0.0005618929862976074,-0.010115563869476318,13,2,3.238964219834767,3.0
train_bluetooth_catboost_bluetooth_recovery_e,0.1,Bluetooth/attacks/csv/train/Bluetooth_DoS_train.pcap.csv,31485,0.0005618929862976074,-0.010115563869476318,13,1,2.7263240814208984,2.7263240814208984
train_bluetooth_catboost_bluetooth_recovery_e,0.1,Bluetooth/attacks/csv/train/Bluetooth_DoS_train.pcap.csv,31503,0.0005618929862976074,-0.010115563869476318,13,2,1.912330092708341,1.4286928176879883
train_bluetooth_catboost_bluetooth_recovery_e,0.1,Bluetooth/attacks/csv/train/Bluetooth_DoS_train.pcap.csv,31510,0.0005618929862976074,-0.010115563869476318,13,3,718703.8940746252,718087.5
train_bluetooth_catboost_bluetooth_recovery_e,0.1,Bluetooth/attacks/csv/train/Bluetooth_DoS_train.pcap.csv,31524,0.0005618929862976074,-0.010115563869476318,13,4,21572.002125858206,21572.0
train_bluetooth_catboost_bluetooth_recovery_e,0.1,Bluetooth/attacks/csv/train/Bluetooth_DoS_train.pcap.csv,31530,0.0005618929862976074,-0.010115563869476318,13,4,617662.7528539565,617133.0
train_bluetooth_catboost_bluetooth_recovery_e,0.1,Bluetooth/attacks/csv/train/Bluetooth_DoS_train.pcap.csv,31532,0.0005618929862976074,-0.010115563869476318,13,3,8.85007850997535,8.5
train_bluetooth_catboost_bluetooth_recovery_e,0.1,Bluetooth/attacks/csv/train/Bluetooth_DoS_train.pcap.csv,31575,0.0005618929862976074,-0.010115563869476318,13,2,8.431514209091965,8.0
train_bluetooth_catboost_bluetooth_recovery_e,0.1,Bluetooth/attacks/csv/train/Bluetooth_DoS_train.pcap.csv,31625,0.0005618929862976074,-0.010115563869476318,13,1,2.3984622955322266,2.3984622955322266
train_bluetooth_catboost_bluetooth_recovery_e,0.1,Bluetooth/attacks/csv/train/Bluetooth_DoS_train.pcap.csv,31650,0.0005618929862976074,-0.010115563869476318,13,4,1089244.2677768518,1088310.0
train_bluetooth_catboost_bluetooth_recovery_e,0.1,Bluetooth/attacks/csv/train/Bluetooth_DoS_train.pcap.csv,31654,0.0005618929862976074,-0.010115563869476318,13,3,8.622095300854156,8.5
train_bluetooth_catboost_bluetooth_recovery_e,0.1,Bluetooth/attacks/csv/train/Bluetooth_DoS_train.pcap.csv,31661,0.0005618929862976074,-0.010115563869476318,13,4,16.35398739400036,10.805282592773438
train_bluetooth_catboost_bluetooth_recovery_e,0.1,Bluetooth/attacks/csv/train/Bluetooth_DoS_train.pcap.csv,31662,0.0005618929862976074,-0.010115563869476318,16,4,968706.9250983701,967908.0
train_bluetooth_catboost_bluetooth_recovery_e,0.1,Bluetooth/attacks/csv/train/Bluetooth_DoS_train.pcap.csv,31672,0.0005618929862976074,-0.010115563869476318,13,4,1238547.3336235282,1237485.0
train_bluetooth_catboost_bluetooth_recovery_e,0.1,Bluetooth/attacks/csv/train/Bluetooth_DoS_train.pcap.csv,31698,0.0005618929862976074,-0.010115563869476318,13,3,8.505120670759682,8.0
train_bluetooth_catboost_bluetooth_recovery_e,0.1,Bluetooth/attacks/csv/train/Bluetooth_DoS_train.pcap.csv,31701,0.0005618929862976074,-0.0007652640342712402,13,3,21457.00015665436,21457.0
train_bluetooth_catboost_bluetooth_recovery_e,0.1,Bluetooth/attacks/csv/train/Bluetooth_DoS_train.pcap.csv,31719,0.0005618929862976074,-0.0007652640342712402,13,1,1.8755130767822266,1.8755130767822266
train_bluetooth_catboost_bluetooth_recovery_e,0.1,Bluetooth/attacks/csv/train/Bluetooth_DoS_train.pcap.csv,31722,0.0005618929862976074,-0.010115563869476318,13,3,13.05862964199163,9.091529846191406
train_bluetooth_catboost_bluetooth_recovery_e,0.1,Bluetooth/attacks/csv/train/Bluetooth_DoS_train.pcap.csv,31745,0.0005618929862976074,-0.010115563869476318,13,2,2.0915308384052915,2.0255813598632812
train_bluetooth_catboost_bluetooth_recovery_e,0.1,Bluetooth/attacks/csv/train/Bluetooth_DoS_train.pcap.csv,31748,0.0005618929862976074,-0.010115563869476318,13,4,5.2713032791489285,3.5531272888183594
train_bluetooth_catboost_bluetooth_recovery_e,0.1,Bluetooth/attacks/csv/train/Bluetooth_DoS_train.pcap.csv,31753,0.0005618929862976074,-0.010115563869476318,13,1,1.686025619506836,1.686025619506836
train_bluetooth_catboost_bluetooth_recovery_e,0.1,Bluetooth/attacks/csv/train/Bluetooth_DoS_train.pcap.csv,31789,0.0005618929862976074,-0.010115563869476318,13,3,8.59139471901847,8.5
train_bluetooth_catboost_bluetooth_recovery_e,0.1,Bluetooth/attacks/csv/train/Bluetooth_DoS_train.pcap.csv,31879,0.0005618929862976074,-0.010115563869476318,13,2,8.104195438226474,8.0
train_bluetooth_catboost_bluetooth_recovery_e,0.1,Bluetooth/attacks/csv/train/Bluetooth_DoS_train.pcap.csv,31896,0.0005618929862976074,-0.0007652640342712402,13,1,2.6136856079101562,2.6136856079101562
train_bluetooth_catboost_bluetooth_recovery_e,0.1,Bluetooth/attacks/csv/train/Bluetooth_DoS_train.pcap.csv,31907,0.0005618929862976074,-0.010115563869476318,13,2,2.6697519124497804,2.6697006225585938
train_bluetooth_catboost_bluetooth_recovery_e,0.1,Bluetooth/attacks/csv/train/Bluetooth_DoS_train.pcap.csv,31908,0.0005618929862976074,-0.010115563869476318,13,2,1.5456857113398383,1.3153610229492188
train_bluetooth_catboost_bluetooth_recovery_e,0.1,Bluetooth/attacks/csv/train/Bluetooth_DoS_train.pcap.csv,31927,0.0005618929862976074,-0.010115563869476318,13,1,1.088937759399414,1.088937759399414
train_bluetooth_catboost_bluetooth_recovery_e,0.1,Bluetooth/attacks/csv/train/Bluetooth_DoS_train.pcap.csv,31965,0.0005618929862976074,-0.010115563869476318,16,2,1.398166618711026,1.299764633178711
train_bluetooth_catboost_bluetooth_recovery_e,0.1,Bluetooth/attacks/csv/train/Bluetooth_DoS_train.pcap.csv,31970,0.0005618929862976074,-0.0007652640342712402,13,2,2.794277451178219,2.3575382232666016
train_bluetooth_catboost_bluetooth_recovery_e,0.1,Bluetooth/attacks/csv/train/Bluetooth_DoS_train.pcap.csv,31978,0.0005618929862976074,-0.010115563869476318,13,1,2.466390609741211,2.466390609741211
train_bluetooth_catboost_bluetooth_recovery_e,0.1,Bluetooth/attacks/csv/train/Bluetooth_DoS_train.pcap.csv,32038,0.0005618929862976074,-0.010115563869476318,16,3,1466425.9410385736,1465168.0
train_bluetooth_catboost_bluetooth_recovery_e,0.1,Bluetooth/attacks/csv/train/Bluetooth_DoS_train.pcap.csv,32080,0.0005618929862976074,-0.010115563869476318,13,2,1.1262187027498725,1.1261177062988281
train_bluetooth_catboost_bluetooth_recovery_e,0.1,Bluetooth/attacks/csv/train/Bluetooth_DoS_train.pcap.csv,32098,0.0005618929862976074,-0.010115563869476318,13,3,3.7698708258123377,3.0
train_bluetooth_catboost_bluetooth_recovery_e,0.1,Bluetooth/attacks/csv/train/Bluetooth_DoS_train.pcap.csv,32124,0.0005618929862976074,-0.010115563869476318,13,4,6.873343621145805,4.121284484863281
train_bluetooth_catboost_bluetooth_recovery_e,0.1,Bluetooth/attacks/csv/train/Bluetooth_DoS_train.pcap.csv,32139,0.0005618929862976074,-0.0007652640342712402,13,3,21190.000025323658,21190.0
train_bluetooth_catboost_bluetooth_recovery_e,0.1,Bluetooth/attacks/csv/train/Bluetooth_DoS_train.pcap.csv,32141,0.0005618929862976074,-0.010115563869476318,13,2,1.9576926100065783,1.9576892852783203
train_bluetooth_catboost_bluetooth_recovery_e,0.1,Bluetooth/attacks/csv/train/Bluetooth_DoS_train.pcap.csv,32147,0.0005618929862976074,-0.010115563869476318,13,4,21185.500036891477,21185.5
train_bluetooth_catboost_bluetooth_recovery_e,0.1,Bluetooth/attacks/csv/train/Bluetooth_DoS_train.pcap.csv,32153,0.0005618929862976074,-0.010115563869476318,13,1,2.818012237548828,2.818012237548828
train_bluetooth_catboost_bluetooth_recovery_e,0.1,Bluetooth/attacks/csv/train/Bluetooth_DoS_train.pcap.csv,32166,0.0005618929862976074,-0.010115563869476318,13,2,1.7667825586415178,1.7667579650878906
train_bluetooth_catboost_bluetooth_recovery_e,0.1,Bluetooth/attacks/csv/train/Bluetooth_DoS_train.pcap.csv,32182,0.0005618929862976074,-0.010115563869476318,13,3,8.90917125494009,8.5
train_bluetooth_catboost_bluetooth_recovery_e,0.1,Bluetooth/attacks/csv/train/Bluetooth_DoS_train.pcap.csv,32190,0.0005618929862976074,-0.0007652640342712402,16,4,21159.00011500719,21159.0
train_bluetooth_catboost_bluetooth_recovery_e,0.1,Bluetooth/attacks/csv/train/Bluetooth_DoS_train.pcap.csv,32206,0.0005618929862976074,-0.010115563869476318,13,2,1.1431472080246776,1.0235977172851562
train_bluetooth_catboost_bluetooth_recovery_e,0.1,Bluetooth/attacks/csv/train/Bluetooth_DoS_train.pcap.csv,32211,0.0005618929862976074,-0.0007652640342712402,13,2,12.905596964167488,12.75579833984375
train_bluetooth_catboost_bluetooth_recovery_e,0.1,Bluetooth/attacks/csv/train/Bluetooth_DoS_train.pcap.csv,32214,0.0005618929862976074,-0.010115563869476318,13,3,8.967449206507304,8.5
train_bluetooth_catboost_bluetooth_recovery_e,0.1,Bluetooth/attacks/csv/train/Bluetooth_DoS_train.pcap.csv,32230,0.0005618929862976074,-0.010115563869476318,13,4,8.446359335727433,6.2947998046875
train_bluetooth_catboost_bluetooth_recovery_e,0.1,Bluetooth/attacks/csv/train/Bluetooth_DoS_train.pcap.csv,32234,0.0005618929862976074,-0.010115563869476318,13,2,1.9954331187522996,1.92962646484375
train_bluetooth_catboost_bluetooth_recovery_e,0.1,Bluetooth/attacks/csv/train/Bluetooth_DoS_train.pcap.csv,32236,0.0005618929862976074,-0.010115563869476318,13,2,1.7470392053223374,1.7470264434814453
train_bluetooth_catboost_bluetooth_recovery_e,0.1,Bluetooth/attacks/csv/train/Bluetooth_DoS_train.pcap.csv,32244,0.0005618929862976074,-0.010115563869476318,13,1,1.9425601959228516,1.9425601959228516
train_bluetooth_catboost_bluetooth_recovery_e,0.1,Bluetooth/attacks/csv/train/Bluetooth_DoS_train.pcap.csv,32248,0.0005618929862976074,-0.010115563869476318,13,2,1.9506612017829312,1.8833885192871094
train_bluetooth_catboost_bluetooth_recovery_e,0.1,Bluetooth/attacks/csv/train/Bluetooth_DoS_train.pcap.csv,32278,0.0005618929862976074,-0.010115563869476318,13,2,5.472055328709697,5.249237060546875
train_bluetooth_catboost_bluetooth_recovery_e,0.1,Bluetooth/attacks/csv/train/Bluetooth_DoS_train.pcap.csv,32378,0.0005618929862976074,-0.010115563869476318,13,4,6.561865752736111,4.181144714355469
train_bluetooth_catboost_bluetooth_recovery_e,0.1,Bluetooth/attacks/csv/train/Bluetooth_DoS_train.pcap.csv,32387,0.0005618929862976074,-0.010115563869476318,13,2,1.8960107026669049,1.5164155960083008
train_bluetooth_catboost_bluetooth_recovery_e,0.1,Bluetooth/attacks/csv/train/Bluetooth_DoS_train.pcap.csv,32388,0.0005618929862976074,-0.010115563869476318,13,1,1.0112857818603516,1.0112857818603516
train_bluetooth_catboost_bluetooth_recovery_e,0.1,Bluetooth/attacks/csv/train/Bluetooth_DoS_train.pcap.csv,32423,0.0005618929862976074,-0.010115563869476318,13,4,346327.50000356085,346327.5
train_bluetooth_catboost_bluetooth_recovery_e,0.1,Bluetooth/attacks/csv/train/Bluetooth_DoS_train.pcap.csv,32426,0.0005618929862976074,-0.010115563869476318,13,3,2.111131125013764,2.0449657440185547
train_bluetooth_catboost_bluetooth_recovery_e,0.1,Bluetooth/attacks/csv/train/Bluetooth_DoS_train.pcap.csv,32430,0.0005618929862976074,-0.010115563869476318,13,3,3.1691752767683847,3.0
train_bluetooth_catboost_bluetooth_recovery_e,0.1,Bluetooth/attacks/csv/train/Bluetooth_DoS_train.pcap.csv,32462,0.0005618929862976074,-0.0007652640342712402,13,3,11.284423787416888,7.745872497558594
train_bluetooth_catboost_bluetooth_recovery_e,0.1,Bluetooth/attacks/csv/train/Bluetooth_DoS_train.pcap.csv,32475,0.0005618929862976074,-0.0007652640342712402,13,3,4.448105649239041,3.0
train_bluetooth_catboost_bluetooth_recovery_e,0.1,Bluetooth/attacks/csv/train/Bluetooth_DoS_train.pcap.csv,32505,0.0005618929862976074,-0.010115563869476318,13,1,1.2026081085205078,1.2026081085205078
train_bluetooth_catboost_bluetooth_recovery_e,0.1,Bluetooth/attacks/csv/train/Bluetooth_DoS_train.pcap.csv,32516,0.0005618929862976074,-0.0007652640342712402,13,1,1.9016647338867188,1.9016647338867188
train_bluetooth_catboost_bluetooth_recovery_e,0.1,Bluetooth/attacks/csv/train/Bluetooth_DoS_train.pcap.csv,32538,0.0005618929862976074,-0.010115563869476318,13,2,2.3792628054639184,1.9487724304199219
train_bluetooth_catboost_bluetooth_recovery_e,0.1,Bluetooth/attacks/csv/train/Bluetooth_DoS_train.pcap.csv,32585,0.0005618929862976074,-0.010115563869476318,13,1,1.6265087127685547,1.6265087127685547
train_bluetooth_catboost_bluetooth_recovery_e,0.1,Bluetooth/attacks/csv/train/Bluetooth_DoS_train.pcap.csv,32596,0.0005618929862976074,-0.010115563869476318,13,1,1.6011085510253906,1.6011085510253906
train_bluetooth_catboost_bluetooth_recovery_e,0.1,Bluetooth/attacks/csv/train/Bluetooth_DoS_train.pcap.csv,32613,0.0005618929862976074,-0.010115563869476318,13,1,1.9705848693847656,1.9705848693847656
train_bluetooth_catboost_bluetooth_recovery_e,0.1,Bluetooth/attacks/csv/train/Bluetooth_DoS_train.pcap.csv,32625,0.0005618929862976074,-0.010115563869476318,13,2,1.5488151642999284,1.5488109588623047
train_bluetooth_catboost_bluetooth_recovery_e,0.1,Bluetooth/attacks/csv/train/Bluetooth_DoS_train.pcap.csv,32626,0.0005618929862976074,-0.010115563869476318,13,1,2.046497344970703,2.046497344970703
train_bluetooth_catboost_bluetooth_recovery_e,0.1,Bluetooth/attacks/csv/train/Bluetooth_DoS_train.pcap.csv,32640,0.0005618929862976074,-0.0007652640342712402,13,1,1.9331722259521484,1.9331722259521484
train_bluetooth_catboost_bluetooth_recovery_e,0.1,Bluetooth/attacks/csv/train/Bluetooth_DoS_train.pcap.csv,32677,0.0005618929862976074,-0.010115563869476318,13,3,2.038093395750473,2.035268783569336
train_bluetooth_catboost_bluetooth_recovery_e,0.1,Bluetooth/attacks/csv/train/Bluetooth_DoS_train.pcap.csv,32752,0.0005618929862976074,-0.010115563869476318,13,3,1.425965487329265,1.3341140747070312
train_bluetooth_catboost_bluetooth_recovery_e,0.1,Bluetooth/attacks/csv/train/Bluetooth_DoS_train.pcap.csv,32756,0.0005618929862976074,-0.0007652640342712402,13,5,1292924.8500209067,1291815.5
train_bluetooth_catboost_bluetooth_recovery_e,0.1,Bluetooth/attacks/csv/train/Bluetooth_DoS_train.pcap.csv,32768,0.0005618929862976074,-0.010115563869476318,13,1,1.8374671936035156,1.8374671936035156
train_bluetooth_catboost_bluetooth_recovery_e,0.1,Bluetooth/attacks/csv/train/Bluetooth_DoS_train.pcap.csv,32778,0.0005618929862976074,-0.010115563869476318,13,3,1.6791990884325374,1.5267314910888672
train_bluetooth_catboost_bluetooth_recovery_e,0.1,Bluetooth/attacks/csv/train/Bluetooth_DoS_train.pcap.csv,32790,0.0005618929862976074,-0.010115563869476318,13,1,1.5679702758789062,1.5679702758789062
train_bluetooth_catboost_bluetooth_recovery_e,0.1,Bluetooth/attacks/csv/train/Bluetooth_DoS_train.pcap.csv,32805,0.0005618929862976074,-0.0007652640342712402,13,5,20784.50338088447,20784.5
train_bluetooth_catboost_bluetooth_recovery_e,0.1,Bluetooth/attacks/csv/train/Bluetooth_DoS_train.pcap.csv,32824,0.0005618929862976074,-0.0007652640342712402,13,2,2.7905396594903427,2.7466068267822266
train_bluetooth_catboost_bluetooth_recovery_e,0.1,Bluetooth/attacks/csv/train/Bluetooth_DoS_train.pcap.csv,32832,0.0005618929862976074,-0.0007652640342712402,13,1,1.4699039459228516,1.4699039459228516
train_bluetooth_catboost_bluetooth_recovery_e,0.1,Bluetooth/attacks/csv/train/Bluetooth_DoS_train.pcap.csv,32887,0.0005618929862976074,-0.010115563869476318,13,2,1.1736527369407832,1.065713882446289
train_bluetooth_catboost_bluetooth_recovery_e,0.1,Bluetooth/attacks/csv/train/Bluetooth_DoS_train.pcap.csv,32888,0.0005618929862976074,-0.010115563869476318,13,3,1286041.4900837834,1284938.0
train_bluetooth_catboost_bluetooth_recovery_e,0.1,Bluetooth/attacks/csv/train/Bluetooth_DoS_train.pcap.csv,32954,0.0005618929862976074,-0.010115563869476318,13,2,2.7785236589526177,2.7349796295166016
train_bluetooth_catboost_bluetooth_recovery_e,0.1,Bluetooth/attacks/csv/train/Bluetooth_DoS_train.pcap.csv,32963,0.0005618929862976074,-0.010115563869476318,13,2,9.424845173483742,9.0
train_bluetooth_catboost_bluetooth_recovery_e,0.1,Bluetooth/attacks/csv/train/Bluetooth_DoS_train.pcap.csv,32984,0.0005618929862976074,-0.010115563869476318,13,1,2.736909866333008,2.736909866333008
train_bluetooth_catboost_bluetooth_recovery_e,0.1,Bluetooth/attacks/csv/train/Bluetooth_DoS_train.pcap.csv,33012,0.0005618929862976074,-0.010115563869476318,13,1,1.0059013366699219,1.0059013366699219
train_bluetooth_catboost_bluetooth_recovery_e,0.1,Bluetooth/attacks/csv/train/Bluetooth_DoS_train.pcap.csv,33014,0.0005618929862976074,-0.010115563869476318,13,3,12.822317309096922,8.940238952636719
train_bluetooth_catboost_bluetooth_recovery_e,0.1,Bluetooth/attacks/csv/train/Bluetooth_DoS_train.pcap.csv,33026,0.0005618929862976074,-0.0007652640342712402,13,5,20649.501771325296,20649.5
train_bluetooth_catboost_bluetooth_recovery_e,0.1,Bluetooth/attacks/csv/train/Bluetooth_DoS_train.pcap.csv,33045,0.0005618929862976074,-0.010115563869476318,13,1,1.7585639953613281,1.7585639953613281
train_bluetooth_catboost_bluetooth_recovery_e,0.1,Bluetooth/attacks/csv/train/Bluetooth_DoS_train.pcap.csv,33053,0.0005618929862976074,-0.010115563869476318,13,3,2.700388507714527,2.6928939819335938
train_bluetooth_catboost_bluetooth_recovery_e,0.1,Bluetooth/attacks/csv/train/Bluetooth_DoS_train.pcap.csv,33079,0.0005618929862976074,-0.010115563869476318,13,3,440589.0000049118,440589.0
train_bluetooth_catboost_bluetooth_recovery_e,0.1,Bluetooth/attacks/csv/train/Bluetooth_DoS_train.pcap.csv,33106,0.0005618929862976074,-0.010115563869476318,13,2,3.507244806424771,3.0
train_bluetooth_catboost_bluetooth_recovery_e,0.1,Bluetooth/attacks/csv/train/Bluetooth_DoS_train.pcap.csv,33153,0.0005618929862976074,-0.010115563869476318,13,1,1.1949119567871094,1.1949119567871094
train_bluetooth_catboost_bluetooth_recovery_e,0.1,Bluetooth/attacks/csv/train/Bluetooth_DoS_train.pcap.csv,33155,0.0005618929862976074,-0.010115563869476318,13,1,1.4540157318115234,1.4540157318115234
train_bluetooth_catboost_bluetooth_recovery_e,0.1,Bluetooth/attacks/csv/train/Bluetooth_DoS_train.pcap.csv,33179,0.0005618929862976074,-0.010115563869476318,13,3,2.3721633726877047,1.9762611389160156
train_bluetooth_catboost_bluetooth_recovery_e,0.1,Bluetooth/attacks/csv/train/Bluetooth_DoS_train.pcap.csv,33181,0.0005618929862976074,-0.010115563869476318,13,3,1.774724559813565,1.7073307037353516
train_bluetooth_catboost_bluetooth_recovery_e,0.1,Bluetooth/attacks/csv/train/Bluetooth_DoS_train.pcap.csv,33214,0.0005618929862976074,-0.010115563869476318,13,1,1.771087646484375,1.771087646484375
train_bluetooth_catboost_bluetooth_recovery_e,0.1,Bluetooth/attacks/csv/train/Bluetooth_DoS_train.pcap.csv,33242,0.0005618929862976074,-0.010115563869476318,13,4,20518.00024910689,20518.0
train_bluetooth_catboost_bluetooth_recovery_e,0.1,Bluetooth/attacks/csv/train/Bluetooth_DoS_train.pcap.csv,33247,0.0005618929862976074,-0.010115563869476318,13,3,8.143198546339734,7.804595947265625
train_bluetooth_catboost_bluetooth_recovery_e,0.1,Bluetooth/attacks/csv/train/Bluetooth_DoS_train.pcap.csv,33264,0.0005618929862976074,-0.010115563869476318,13,3,5.687284229315436,5.364471435546875
train_bluetooth_catboost_bluetooth_recovery_e,0.1,Bluetooth/attacks/csv/train/Bluetooth_DoS_train.pcap.csv,33284,0.0005618929862976074,-0.010115563869476318,13,2,1.9970509002458061,1.9380435943603516
train_bluetooth_catboost_bluetooth_recovery_e,0.1,Bluetooth/attacks/csv/train/Bluetooth_DoS_train.pcap.csv,33295,0.0005618929862976074,-0.010115563869476318,13,3,2.448417342858346,2.185781478881836
train_bluetooth_catboost_bluetooth_recovery_e,0.1,Bluetooth/attacks/csv/train/Bluetooth_DoS_train.pcap.csv,33305,0.0005618929862976074,-0.010115563869476318,13,1,2.0782032012939453,2.0782032012939453
train_bluetooth_catboost_bluetooth_recovery_e,0.1,Bluetooth/attacks/csv/train/Bluetooth_DoS_train.pcap.csv,33313,0.0005618929862976074,-0.010115563869476318,13,2,1.8951071890787747,1.8330059051513672
train_bluetooth_catboost_bluetooth_recovery_e,0.1,Bluetooth/attacks/csv/train/Bluetooth_DoS_train.pcap.csv,33368,0.0005618929862976074,-0.010115563869476318,13,3,2.114319609863188,1.6220464706420898
train_bluetooth_catboost_bluetooth_recovery_e,0.1,Bluetooth/attacks/csv/train/Bluetooth_DoS_train.pcap.csv,33383,0.0005618929862976074,-0.010115563869476318,13,1,1.2578258514404297,1.2578258514404297
train_bluetooth_catboost_bluetooth_recovery_e,0.1,Bluetooth/attacks/csv/train/Bluetooth_DoS_train.pcap.csv,33433,0.0005618929862976074,-0.010115563869476318,13,2,2.1418717635663778,2.0877933502197266
train_bluetooth_catboost_bluetooth_recovery_e,0.1,Bluetooth/attacks/csv/train/Bluetooth_DoS_train.pcap.csv,33454,0.0005618929862976074,-0.010115563869476318,13,1,1.7301502227783203,1.7301502227783203
train_bluetooth_catboost_bluetooth_recovery_e,0.1,Bluetooth/attacks/csv/train/Bluetooth_DoS_train.pcap.csv,33481,0.0005618929862976074,-0.0007652640342712402,13,2,2.7235567227282464,2.6814441680908203
train_bluetooth_catboost_bluetooth_recovery_e,0.1,Bluetooth/attacks/csv/train/Bluetooth_DoS_train.pcap.csv,33488,0.0005618929862976074,-0.010115563869476318,13,2,2.266253630383233,2.2155017852783203
train_bluetooth_catboost_bluetooth_recovery_e,0.1,Bluetooth/attacks/csv/train/Bluetooth_DoS_train.pcap.csv,33496,0.0005618929862976074,-0.010115563869476318,13,1,1.7894363403320312,1.7894363403320312
train_bluetooth_catboost_bluetooth_recovery_e,0.1,Bluetooth/attacks/csv/train/Bluetooth_DoS_train.pcap.csv,33498,0.0005618929862976074,-0.010115563869476318,13,1,1.0344295501708984,1.0344295501708984
train_bluetooth_catboost_bluetooth_recovery_e,0.1,Bluetooth/attacks/csv/train/Bluetooth_DoS_train.pcap.csv,33499,0.0005618929862976074,-0.010115563869476318,13,4,10.74287855331274,7.4573822021484375
train_bluetooth_catboost_bluetooth_recovery_e,0.1,Bluetooth/attacks/csv/train/Bluetooth_DoS_train.pcap.csv,33503,0.0005618929862976074,-0.010115563869476318,13,4,9.240298210805722,6.357120513916016
train_bluetooth_catboost_bluetooth_recovery_e,0.1,Bluetooth/attacks/csv/train/Bluetooth_DoS_train.pcap.csv,33523,0.0005618929862976074,-0.0007652640342712402,13,3,12.544870714227311,8.79171371459961
train_bluetooth_catboost_bluetooth_recovery_e,0.1,Bluetooth/attacks/csv/train/Bluetooth_DoS_train.pcap.csv,33533,0.0005618929862976074,-0.010115563869476318,13,1,1.9708271026611328,1.9708271026611328
train_bluetooth_catboost_bluetooth_recovery_e,0.1,Bluetooth/attacks/csv/train/Bluetooth_DoS_train.pcap.csv,33541,0.0005618929862976074,-0.0007652640342712402,13,3,8.863902112231848,8.5
train_bluetooth_catboost_bluetooth_recovery_e,0.1,Bluetooth/attacks/csv/train/Bluetooth_DoS_train.pcap.csv,33551,0.0005618929862976074,-0.010115563869476318,13,3,2.5570865470096873,2.5100631713867188
train_bluetooth_catboost_bluetooth_recovery_e,0.1,Bluetooth/attacks/csv/train/Bluetooth_DoS_train.pcap.csv,33598,0.0005618929862976074,-0.010115563869476318,13,3,11.381754713274338,7.9591827392578125
train_bluetooth_catboost_bluetooth_recovery_e,0.1,Bluetooth/attacks/csv/train/Bluetooth_DoS_train.pcap.csv,33606,0.0005618929862976074,-0.010115563869476318,16,2,2.4044104246663647,2.1501731872558594
train_bluetooth_catboost_bluetooth_recovery_e,0.1,Bluetooth/attacks/csv/train/Bluetooth_DoS_train.pcap.csv,33613,0.0005618929862976074,-0.010115563869476318,13,3,10.369094339131713,10.216812133789062
train_bluetooth_catboost_bluetooth_recovery_e,0.1,Bluetooth/attacks/csv/train/Bluetooth_DoS_train.pcap.csv,33616,0.0005618929862976074,-0.010115563869476318,13,3,8.611481540796337,8.5
train_bluetooth_catboost_bluetooth_recovery_e,0.1,Bluetooth/attacks/csv/train/Bluetooth_DoS_train.pcap.csv,33628,0.0005618929862976074,-0.010115563869476318,13,2,2.7522311774504313,2.5641326904296875
train_bluetooth_catboost_bluetooth_recovery_e,0.1,Bluetooth/attacks/csv/train/Bluetooth_DoS_train.pcap.csv,33668,0.0005618929862976074,-0.010115563869476318,13,1,2.4047908782958984,2.4047908782958984
train_bluetooth_catboost_bluetooth_recovery_e,0.1,Bluetooth/attacks/csv/train/Bluetooth_DoS_train.pcap.csv,33689,0.0005618929862976074,-0.010115563869476318,13,4,20238.50013033362,20238.5
train_bluetooth_catboost_bluetooth_recovery_e,0.1,Bluetooth/attacks/csv/train/Bluetooth_DoS_train.pcap.csv,33700,0.0005618929862976074,-0.010115563869476318,13,5,225548.5000878354,225548.5
train_bluetooth_catboost_bluetooth_recovery_e,0.1,Bluetooth/attacks/csv/train/Bluetooth_DoS_train.pcap.csv,33706,0.0005618929862976074,-0.010115563869476318,13,5,20228.50372680327,20228.5
train_bluetooth_catboost_bluetooth_recovery_e,0.1,Bluetooth/attacks/csv/train/Bluetooth_DoS_train.pcap.csv,33711,0.0005618929862976074,-0.010115563869476318,13,3,2.111188718579932,2.1080093383789062
train_bluetooth_catboost_bluetooth_recovery_e,0.1,Bluetooth/attacks/csv/train/Bluetooth_DoS_train.pcap.csv,33721,0.0005618929862976074,-0.010115563869476318,13,2,2.5671742718867887,2.0833587646484375
train_bluetooth_catboost_bluetooth_recovery_e,0.1,Bluetooth/attacks/csv/train/Bluetooth_DoS_train.pcap.csv,33744,0.0005618929862976074,-0.010115563869476318,13,3,13.080386898582406,9.037906646728516
train_bluetooth_catboost_bluetooth_recovery_e,0.1,Bluetooth/attacks/csv/train/Bluetooth_DoS_train.pcap.csv,33761,0.0005618929862976074,-0.010115563869476318,13,1,1.2434158325195312,1.2434158325195312
train_bluetooth_catboost_bluetooth_recovery_e,0.1,Bluetooth/attacks/csv/train/Bluetooth_DoS_train.pcap.csv,33800,0.0005618929862976074,-0.010115563869476318,13,3,1.3801680544657566,1.0521602630615234
train_bluetooth_catboost_bluetooth_recovery_e,0.1,Bluetooth/attacks/csv/train/Bluetooth_DoS_train.pcap.csv,33844,0.0005618929862976074,-0.010115563869476318,13,2,2.803831100480907,2.803831100463867
train_bluetooth_catboost_bluetooth_recovery_e,0.1,Bluetooth/attacks/csv/train/Bluetooth_DoS_train.pcap.csv,33847,0.0005618929862976074,-0.0007652640342712402,13,2,1.815858149985083,1.571533203125
train_bluetooth_catboost_bluetooth_recovery_e,0.1,Bluetooth/attacks/csv/train/Bluetooth_DoS_train.pcap.csv,33850,0.0005618929862976074,-0.010115563869476318,13,2,2.8152918680721757,2.8152618408203125
train_bluetooth_catboost_bluetooth_recovery_e,0.1,Bluetooth/attacks/csv/train/Bluetooth_DoS_train.pcap.csv,33860,0.0005618929862976074,-0.010115563869476318,13,2,6.639245932685614,6.1271514892578125
train_bluetooth_catboost_bluetooth_recovery_e,0.1,Bluetooth/attacks/csv/train/Bluetooth_DoS_train.pcap.csv,33862,0.0005618929862976074,-0.0007652640342712402,13,3,214956.50001899846,214956.5
train_bluetooth_catboost_bluetooth_recovery_e,0.1,Bluetooth/attacks/csv/train/Bluetooth_DoS_train.pcap.csv,33895,0.0005618929862976074,-0.0007652640342712402,16,2,1.9964968289947629,1.9964733123779297
train_bluetooth_catboost_bluetooth_recovery_e,0.1,Bluetooth/attacks/csv/train/Bluetooth_DoS_train.pcap.csv,33909,0.0005618929862976074,-0.0007652640342712402,13,3,6.619768966849636,4.218311309814453
train_bluetooth_catboost_bluetooth_recovery_e,0.1,Bluetooth/attacks/csv/train/Bluetooth_DoS_train.pcap.csv,33931,0.0005618929862976074,-0.010115563869476318,13,2,2.4317817688064878,2.431781768798828
train_bluetooth_catboost_bluetooth_recovery_e,0.1,Bluetooth/attacks/csv/train/Bluetooth_DoS_train.pcap.csv,33933,0.0005618929862976074,-0.010115563869476318,13,1,1.0133399963378906,1.0133399963378906
train_bluetooth_catboost_bluetooth_recovery_e,0.1,Bluetooth/attacks/csv/train/Bluetooth_DoS_train.pcap.csv,33973,0.0005618929862976074,-0.0007652640342712402,13,3,2.176001687414117,2.117025375366211
train_bluetooth_catboost_bluetooth_recovery_e,0.1,Bluetooth/attacks/csv/train/Bluetooth_DoS_train.pcap.csv,34053,0.0005618929862976074,-0.010115563869476318,13,1,1.9467353820800781,1.9467353820800781
train_bluetooth_catboost_bluetooth_recovery_e,0.1,Bluetooth/attacks/csv/train/Bluetooth_DoS_train.pcap.csv,34156,0.0005618929862976074,-0.010115563869476318,13,1,1.0973091125488281,1.0973091125488281
train_bluetooth_catboost_bluetooth_recovery_e,0.1,Bluetooth/attacks/csv/train/Bluetooth_DoS_train.pcap.csv,34168,0.0005618929862976074,-0.010115563869476318,13,3,547737.0000075002,547737.0
train_bluetooth_catboost_bluetooth_recovery_e,0.1,Bluetooth/attacks/csv/train/Bluetooth_DoS_train.pcap.csv,34175,0.0005618929862976074,-0.010115563869476318,13,3,10.20499818881298,7.034126281738281
train_bluetooth_catboost_bluetooth_recovery_e,0.1,Bluetooth/attacks/csv/train/Bluetooth_DoS_train.pcap.csv,34219,0.0005618929862976074,-0.010115563869476318,13,3,3.3353594829685527,3.0
train_bluetooth_catboost_bluetooth_recovery_e,0.1,Bluetooth/attacks/csv/train/Bluetooth_DoS_train.pcap.csv,34235,0.0005618929862976074,-0.010115563869476318,13,3,19906.000095610798,19906.0
train_bluetooth_catboost_bluetooth_recovery_e,0.1,Bluetooth/attacks/csv/train/Bluetooth_DoS_train.pcap.csv,34237,0.0005618929862976074,-0.010115563869476318,13,1,2.432313919067383,2.432313919067383
train_bluetooth_catboost_bluetooth_recovery_e,0.1,Bluetooth/attacks/csv/train/Bluetooth_DoS_train.pcap.csv,34284,0.0005618929862976074,-0.010115563869476318,13,2,1.956045352833047,1.9503841400146484
train_bluetooth_catboost_bluetooth_recovery_e,0.1,Bluetooth/attacks/csv/train/Bluetooth_DoS_train.pcap.csv,34306,0.0005618929862976074,-0.0007652640342712402,13,1,1.89239501953125,1.89239501953125
train_bluetooth_catboost_bluetooth_recovery_e,0.1,Bluetooth/attacks/csv/train/Bluetooth_DoS_train.pcap.csv,34313,0.0005618929862976074,-0.0007652640342712402,13,3,7.205462524562664,4.984527587890625
train_bluetooth_catboost_bluetooth_recovery_e,0.1,Bluetooth/attacks/csv/train/Bluetooth_DoS_train.pcap.csv,34342,0.0005618929862976074,-0.010115563869476318,13,4,690351.633204568,689759.0
train_bluetooth_catboost_bluetooth_recovery_e,0.1,Bluetooth/attacks/csv/train/Bluetooth_DoS_train.pcap.csv,34365,0.0005618929862976074,-0.010115563869476318,13,4,11.236571836105213,7.7826385498046875
train_bluetooth_catboost_bluetooth_recovery_e,0.1,Bluetooth/attacks/csv/train/Bluetooth_DoS_train.pcap.csv,34367,0.0005618929862976074,-0.010115563869476318,13,3,1131650.4617914655,1130679.0
train_bluetooth_catboost_bluetooth_recovery_e,0.1,Bluetooth/attacks/csv/train/Bluetooth_DoS_train.pcap.csv,34371,0.0005618929862976074,-0.010115563869476318,13,2,1.773862654502303,1.4651241302490234
train_bluetooth_catboost_bluetooth_recovery_e,0.1,Bluetooth/attacks/csv/train/Bluetooth_DoS_train.pcap.csv,34373,0.0005618929862976074,-0.010115563869476318,13,4,11.488398867369263,9.0
train_bluetooth_catboost_bluetooth_recovery_e,0.1,Bluetooth/attacks/csv/train/Bluetooth_DoS_train.pcap.csv,34421,0.0005618929862976074,-0.010115563869476318,13,2,1.6423548212886054,1.6400318145751953
train_bluetooth_catboost_bluetooth_recovery_e,0.1,Bluetooth/attacks/csv/train/Bluetooth_DoS_train.pcap.csv,34431,0.0005618929862976074,-0.010115563869476318,13,2,2.765903948112502,2.765897750854492
train_bluetooth_catboost_bluetooth_recovery_e,0.1,Bluetooth/attacks/csv/train/Bluetooth_DoS_train.pcap.csv,34433,0.0005618929862976074,-0.010115563869476318,13,1,2.1825485229492188,2.1825485229492188
train_bluetooth_catboost_bluetooth_recovery_e,0.1,Bluetooth/attacks/csv/train/Bluetooth_DoS_train.pcap.csv,34442,0.0005618929862976074,-0.010115563869476318,13,2,2.0239564748505976,1.6978588104248047
train_bluetooth_catboost_bluetooth_recovery_e,0.1,Bluetooth/attacks/csv/train/Bluetooth_DoS_train.pcap.csv,34467,0.0005618929862976074,-0.010115563869476318,13,4,14.374985057555481,10.114498138427734
train_bluetooth_catboost_bluetooth_recovery_e,0.1,Bluetooth/attacks/csv/train/Bluetooth_DoS_train.pcap.csv,34484,0.0005618929862976074,-0.010115563869476318,13,4,1227800.0185238814,1226746.0
train_bluetooth_catboost_bluetooth_recovery_e,0.1,Bluetooth/attacks/csv/train/Bluetooth_DoS_train.pcap.csv,34485,0.0005618929862976074,-0.010115563869476318,13,4,13.615522506572727,9.438941955566406
train_bluetooth_catboost_bluetooth_recovery_e,0.1,Bluetooth/attacks/csv/train/Bluetooth_DoS_train.pcap.csv,34491,0.0005618929862976074,-0.010115563869476318,13,2,1.2679887760828032,1.2543277740478516
train_bluetooth_catboost_bluetooth_recovery_e,0.1,Bluetooth/attacks/csv/train/Bluetooth_DoS_train.pcap.csv,34511,0.0005618929862976074,-0.010115563869476318,13,2,1.2055881173798113,1.2055740356445312
train_bluetooth_catboost_bluetooth_recovery_e,0.1,Bluetooth/attacks/csv/train/Bluetooth_DoS_train.pcap.csv,34522,0.0005618929862976074,-0.010115563869476318,13,2,2.2352351114237035,2.1888961791992188
train_bluetooth_catboost_bluetooth_recovery_e,0.1,Bluetooth/attacks/csv/train/Bluetooth_DoS_train.pcap.csv,34531,0.0005618929862976074,-0.010115563869476318,13,2,2.2995550069942263,1.977621078491211
train_bluetooth_catboost_bluetooth_recovery_e,0.1,Bluetooth/attacks/csv/train/Bluetooth_DoS_train.pcap.csv,34540,0.0005618929862976074,-0.010115563869476318,13,4,19720.001704661456,19720.0
train_bluetooth_catboost_bluetooth_recovery_e,0.1,Bluetooth/attacks/csv/train/Bluetooth_DoS_train.pcap.csv,34541,0.0005618929862976074,-0.0007652640342712402,13,1,2.381589889526367,2.381589889526367
train_bluetooth_catboost_bluetooth_recovery_e,0.1,Bluetooth/attacks/csv/train/Bluetooth_DoS_train.pcap.csv,34549,0.0005618929862976074,-0.010115563869476318,13,4,7.19526895298597,4.979267120361328
train_bluetooth_catboost_bluetooth_recovery_e,0.1,Bluetooth/attacks/csv/train/Bluetooth_DoS_train.pcap.csv,34585,0.0005618929862976074,-0.010115563869476318,13,2,9.102419461416908,9.0
train_bluetooth_catboost_bluetooth_recovery_e,0.1,Bluetooth/attacks/csv/train/Bluetooth_DoS_train.pcap.csv,34587,0.0005618929862976074,-0.010115563869476318,13,3,459218.0000079091,459218.0
train_bluetooth_catboost_bluetooth_recovery_e,0.1,Bluetooth/attacks/csv/train/Bluetooth_DoS_train.pcap.csv,34611,0.0005618929862976074,-0.010115563869476318,13,2,1.9267864227296942,1.9267864227294922
train_bluetooth_catboost_bluetooth_recovery_e,0.1,Bluetooth/attacks/csv/train/Bluetooth_DoS_train.pcap.csv,34620,0.0005618929862976074,-0.010115563869476318,13,4,1471342.1547731492,1470079.0
train_bluetooth_catboost_bluetooth_recovery_e,0.1,Bluetooth/attacks/csv/train/Bluetooth_DoS_train.pcap.csv,34621,0.0005618929862976074,-0.0007652640342712402,13,2,7.278309455706392,6.9595794677734375
train_bluetooth_catboost_bluetooth_recovery_e,0.1,Bluetooth/attacks/csv/train/Bluetooth_DoS_train.pcap.csv,34667,0.0005618929862976074,-0.010115563869476318,13,1,2.5058650970458984,2.5058650970458984
train_bluetooth_catboost_bluetooth_recovery_e,0.1,Bluetooth/attacks/csv/train/Bluetooth_DoS_train.pcap.csv,34670,0.0005618929862976074,-0.010115563869476318,13,4,307059.0000103889,307059.0
train_bluetooth_catboost_bluetooth_recovery_e,0.1,Bluetooth/attacks/csv/train/Bluetooth_DoS_train.pcap.csv,34708,0.0005618929862976074,-0.010115563869476318,13,3,3.568027868812724,3.0
train_bluetooth_catboost_bluetooth_recovery_e,0.1,Bluetooth/attacks/csv/train/Bluetooth_DoS_train.pcap.csv,34711,0.0005618929862976074,-0.010115563869476318,13,1,1.5405387878417969,1.5405387878417969
train_bluetooth_catboost_bluetooth_recovery_e,0.1,Bluetooth/attacks/csv/train/Bluetooth_DoS_train.pcap.csv,34731,0.0005618929862976074,-0.010115563869476318,13,3,9.608874452007877,9.5
train_bluetooth_catboost_bluetooth_recovery_e,0.1,Bluetooth/attacks/csv/train/Bluetooth_DoS_train.pcap.csv,34744,0.0005618929862976074,-0.010115563869476318,13,1,1.4180450439453125,1.4180450439453125
train_bluetooth_catboost_bluetooth_recovery_e,0.1,Bluetooth/attacks/csv/train/Bluetooth_DoS_train.pcap.csv,34758,0.0005618929862976074,-0.010115563869476318,13,2,1.7563284309438147,1.7563190460205078
train_bluetooth_catboost_bluetooth_recovery_e,0.1,Bluetooth/attacks/csv/train/Bluetooth_DoS_train.pcap.csv,34779,0.0005618929862976074,-0.0007652640342712402,16,2,1.2250598982170682,1.218618392944336
train_bluetooth_catboost_bluetooth_recovery_e,0.1,Bluetooth/attacks/csv/train/Bluetooth_DoS_train.pcap.csv,34801,0.0005618929862976074,-0.010115563869476318,13,1,1.1642704010009766,1.1642704010009766
train_bluetooth_catboost_bluetooth_recovery_e,0.1,Bluetooth/attacks/csv/train/Bluetooth_DoS_train.pcap.csv,34803,0.0005618929862976074,-0.0007652640342712402,13,4,276859.00001487666,276859.0
train_bluetooth_catboost_bluetooth_recovery_e,0.1,Bluetooth/attacks/csv/train/Bluetooth_DoS_train.pcap.csv,34818,0.0005618929862976074,-0.010115563869476318,13,2,1.0892992661461187,1.0892314910888672
train_bluetooth_catboost_bluetooth_recovery_e,0.1,Bluetooth/attacks/csv/train/Bluetooth_DoS_train.pcap.csv,34865,0.0005618929862976074,-0.010115563869476318,13,2,9.247987703681932,9.0
train_bluetooth_catboost_bluetooth_recovery_e,0.1,Bluetooth/attacks/csv/train/Bluetooth_DoS_train.pcap.csv,34875,0.0005618929862976074,-0.010115563869476318,13,2,1.701211484227624,1.7011775970458984
train_bluetooth_catboost_bluetooth_recovery_e,0.1,Bluetooth/attacks/csv/train/Bluetooth_DoS_train.pcap.csv,34878,0.0005618929862976074,-0.010115563869476318,13,3,19514.000155375183,19514.0
train_bluetooth_catboost_bluetooth_recovery_e,0.1,Bluetooth/attacks/csv/train/Bluetooth_DoS_train.pcap.csv,34887,0.0005618929862976074,-0.010115563869476318,13,4,19509.000074219184,19509.0
train_bluetooth_catboost_bluetooth_recovery_e,0.1,Bluetooth/attacks/csv/train/Bluetooth_DoS_train.pcap.csv,34894,0.0005618929862976074,-0.010115563869476318,13,2,2.8492517232420638,2.8487205505371094
train_bluetooth_catboost_bluetooth_recovery_e,0.1,Bluetooth/attacks/csv/train/Bluetooth_DoS_train.pcap.csv,34897,0.0005618929862976074,-0.010115563869476318,13,3,767759.1828464835,767100.0
train_bluetooth_catboost_bluetooth_recovery_e,0.1,Bluetooth/attacks/csv/train/Bluetooth_DoS_train.pcap.csv,34908,0.0005618929862976074,-0.010115563869476318,13,3,5.632405083212518,5.528228759765625
train_bluetooth_catboost_bluetooth_recovery_e,0.1,Bluetooth/attacks/csv/train/Bluetooth_DoS_train.pcap.csv,34945,0.0005618929862976074,-0.010115563869476318,13,3,7.254837035027604,4.999691009521484
train_bluetooth_catboost_bluetooth_recovery_e,0.1,Bluetooth/attacks/csv/train/Bluetooth_DoS_train.pcap.csv,34989,0.0005618929862976074,-0.010115563869476318,13,3,12.295099125963691,12.159072875976562
train_bluetooth_catboost_bluetooth_recovery_e,0.1,Bluetooth/attacks/csv/train/Bluetooth_DoS_train.pcap.csv,35047,0.0005618929862976074,-0.010115563869476318,13,4,568474.0000038214,568474.0
train_bluetooth_catboost_bluetooth_recovery_e,0.1,Bluetooth/attacks/csv/train/Bluetooth_DoS_train.pcap.csv,35085,0.0005618929862976074,-0.010115563869476318,13,3,19388.000031760963,19388.0
train_bluetooth_catboost_bluetooth_recovery_e,0.1,Bluetooth/attacks/csv/train/Bluetooth_DoS_train.pcap.csv,35114,0.0005618929862976074,-0.010115563869476318,13,4,1480540.2252385467,1479269.0
train_bluetooth_catboost_bluetooth_recovery_e,0.1,Bluetooth/attacks/csv/train/Bluetooth_DoS_train.pcap.csv,35121,0.0005618929862976074,-0.010115563869476318,13,2,2.8166650078475306,2.782176971435547
train_bluetooth_catboost_bluetooth_recovery_e,0.1,Bluetooth/attacks/csv/train/Bluetooth_DoS_train.pcap.csv,35136,0.0005618929862976074,-0.0007652640342712402,16,1,2.6879425048828125,2.6879425048828125
train_bluetooth_catboost_bluetooth_recovery_e,0.1,Bluetooth/attacks/csv/train/Bluetooth_DoS_train.pcap.csv,35141,0.0005618929862976074,-0.0007652640342712402,13,3,13.535134343793265,9.459270477294922
train_bluetooth_catboost_bluetooth_recovery_e,0.1,Bluetooth/attacks/csv/train/Bluetooth_DoS_train.pcap.csv,35151,0.0005618929862976074,-0.010115563869476318,13,2,1.6264729055422145,1.6264305114746094
train_bluetooth_catboost_bluetooth_recovery_e,0.1,Bluetooth/attacks/csv/train/Bluetooth_DoS_train.pcap.csv,35153,0.0005618929862976074,-0.0007652640342712402,13,4,417591.00000363105,417591.0
train_bluetooth_catboost_bluetooth_recovery_e,0.1,Bluetooth/attacks/csv/train/Bluetooth_DoS_train.pcap.csv,35163,0.0005618929862976074,-0.0007652640342712402,13,2,9.272413544219424,9.163925170898438
train_bluetooth_catboost_bluetooth_recovery_e,0.1,Bluetooth/attacks/csv/train/Bluetooth_DoS_train.pcap.csv,35189,0.0005618929862976074,-0.010115563869476318,13,1,2.2747020721435547,2.2747020721435547
train_bluetooth_catboost_bluetooth_recovery_e,0.1,Bluetooth/attacks/csv/train/Bluetooth_DoS_train.pcap.csv,35193,0.0005618929862976074,-0.0007652640342712402,13,3,8.322626272206302,5.598911285400391
train_bluetooth_catboost_bluetooth_recovery_e,0.1,Bluetooth/attacks/csv/train/Bluetooth_DoS_train.pcap.csv,35213,0.0005618929862976074,-0.010115563869476318,13,2,3.034458351498661,2.6384239196777344
train_bluetooth_catboost_bluetooth_recovery_e,0.1,Bluetooth/attacks/csv/train/Bluetooth_DoS_train.pcap.csv,35219,0.0005618929862976074,-0.0007652640342712402,13,3,450941.0000046859,450941.0
train_bluetooth_catboost_bluetooth_recovery_e,0.1,Bluetooth/attacks/csv/train/Bluetooth_DoS_train.pcap.csv,35292,0.0005618929862976074,-0.010115563869476318,13,3,1.9130495581228808,1.8584003448486328
train_bluetooth_catboost_bluetooth_recovery_e,0.1,Bluetooth/attacks/csv/train/Bluetooth_DoS_train.pcap.csv,35302,0.0005618929862976074,-0.010115563869476318,13,4,9.010165244328016,5.792064666748047
train_bluetooth_catboost_bluetooth_recovery_e,0.1,Bluetooth/attacks/csv/train/Bluetooth_DoS_train.pcap.csv,35315,0.0005618929862976074,-0.010115563869476318,13,4,10.317969009965964,7.177402496337891
train_bluetooth_catboost_bluetooth_recovery_e,0.1,Bluetooth/attacks/csv/train/Bluetooth_DoS_train.pcap.csv,35316,0.0005618929862976074,-0.010115563869476318,13,1,2.105928421020508,2.105928421020508
train_bluetooth_catboost_bluetooth_recovery_e,0.1,Bluetooth/attacks/csv/train/Bluetooth_DoS_train.pcap.csv,35329,0.0005618929862976074,-0.0007652640342712402,13,2,2.359565194833069,2.1371822357177734
train_bluetooth_catboost_bluetooth_recovery_e,0.1,Bluetooth/attacks/csv/train/Bluetooth_DoS_train.pcap.csv,35337,0.0005618929862976074,-0.010115563869476318,13,3,619793.195502899,619261.0
train_bluetooth_catboost_bluetooth_recovery_e,0.1,Bluetooth/attacks/csv/train/Bluetooth_DoS_train.pcap.csv,35360,0.0005618929862976074,-0.010115563869476318,13,4,19220.00015848376,19220.0
train_bluetooth_catboost_bluetooth_recovery_e,0.1,Bluetooth/attacks/csv/train/Bluetooth_DoS_train.pcap.csv,35371,0.0005618929862976074,-0.010115563869476318,13,1,1.0980510711669922,1.0980510711669922
train_bluetooth_catboost_bluetooth_recovery_e,0.1,Bluetooth/attacks/csv/train/Bluetooth_DoS_train.pcap.csv,35374,0.0005618929862976074,-0.010115563869476318,13,1,1.7761402130126953,1.7761402130126953
train_bluetooth_catboost_bluetooth_recovery_e,0.1,Bluetooth/attacks/csv/train/Bluetooth_DoS_train.pcap.csv,35381,0.0005618929862976074,-0.010115563869476318,13,2,2.2755575098474066,2.275554656982422
train_bluetooth_catboost_bluetooth_recovery_e,0.1,Bluetooth/attacks/csv/train/Bluetooth_DoS_train.pcap.csv,35391,0.0005618929862976074,-0.010115563869476318,13,2,1.7879855208750652,1.7346267700195312
train_bluetooth_catboost_bluetooth_recovery_e,0.1,Bluetooth/attacks/csv/train/Bluetooth_DoS_train.pcap.csv,35394,0.0005618929862976074,-0.010115563869476318,13,1,1.1383628845214844,1.1383628845214844
train_bluetooth_catboost_bluetooth_recovery_e,0.1,Bluetooth/attacks/csv/train/Bluetooth_DoS_train.pcap.csv,35455,0.0005618929862976074,-0.010115563869476318,13,1,1.386575698852539,1.386575698852539
train_bluetooth_catboost_bluetooth_recovery_e,0.1,Bluetooth/attacks/csv/train/Bluetooth_DoS_train.pcap.csv,35466,0.0005618929862976074,-0.0007652640342712402,13,3,503312.0000031703,503312.0
train_bluetooth_catboost_bluetooth_recovery_e,0.1,Bluetooth/attacks/csv/train/Bluetooth_DoS_train.pcap.csv,35478,0.0005618929862976074,-0.010115563869476318,13,4,11.947349131668746,8.198375701904297
train_bluetooth_catboost_bluetooth_recovery_e,0.1,Bluetooth/attacks/csv/train/Bluetooth_DoS_train.pcap.csv,35488,0.0005618929862976074,-0.0007652640342712402,13,1,2.8026371002197266,2.8026371002197266
train_bluetooth_catboost_bluetooth_recovery_e,0.1,Bluetooth/attacks/csv/train/Bluetooth_DoS_train.pcap.csv,35504,0.0005618929862976074,-0.010115563869476318,13,2,2.017416151913717,1.7011337280273438
